mean_branch_dispersal_velocity	weighted_branch_dispersal_velocity	branch_dispersal_velocity_variation_among_branches	original_diffusion_coefficient	weighted_diffusion_coefficient	diffusion_coefficient_variation_among_branches
2660.21390284022	194.072988364738	4.23112606221145	8612.23389629467	1037.47373101373	5.48003601648238
2582.16150352949	201.227481439628	4.07092674812268	7202.09568341836	1217.51180150959	4.04573230014644
2263.10661271011	211.66478466319	2.61105128955659	5317.87386267125	1227.3929343269	2.25509850440238
4305.09971415769	337.941618828156	2.94888739221964	25819.6728496209	3939.42032115659	3.62204172762054
2101.45972640758	181.444619178621	2.97313008387109	5462.14820908925	891.05366911847	3.42628359099927
2950.79619214807	177.204907167754	6.85565535751823	11956.2256150477	912.395451780978	9.03085597248711
1871.43788573291	192.606886656199	2.72804123856414	6261.97420345303	1115.496909466	4.50140412860819
3229.47629819193	250.44021060543	3.86549427712451	9607.98164930068	2775.33535233855	3.41505192885781
2375.1530223491	173.599872374243	5.88888681255609	8164.054810827	852.81069310844	6.53320142257441
3232.59291793856	220.671090630629	3.14029145339282	8721.75933387461	1367.52024971103	3.25980969399814
2730.69745447732	195.224814425568	3.30662476034742	7982.4181783676	1078.33969390113	3.46095412033958
2336.67229577835	177.327326098947	3.72414557273115	6551.13236527298	908.048724453651	4.25318328126859
2593.61492650522	197.552757346612	3.90017130716823	18395.5828547914	1397.97881761159	9.15554748328075
3865.55340077475	351.175956796224	3.10501688641352	16048.0054910922	3833.75150226586	3.62074808711697
2956.44535295682	185.391846703361	7.41027021810898	13094.2821681569	1117.78460222149	9.69233037296238
1980.16066219718	227.367988643594	2.19135974390962	5543.09396860453	1516.84767157681	3.28562284035472
2413.35630183975	227.955685847868	2.66054017780291	8310.81941999987	1382.42076643803	3.86201623914462
1531.512650441	171.285366649913	2.52382442089195	5011.92277479601	872.975808179898	4.36512844959206
3339.75973236086	374.82262581259	2.57647559963834	16782.6267247996	6407.19594982536	3.09166608779613
2782.49703635165	250.671902316112	3.28641175091163	8922.18248259025	1913.05165914094	2.8968425565453
3152.78804172071	245.425690581192	3.37388151989181	13465.6635730728	1751.07635802677	7.34685272724784
1919.13611583519	163.228838252244	4.54796150784657	5264.37619415643	900.486314310386	4.63367902568607
3460.76741395857	209.938902696601	5.49120101277754	12900.272403239	1154.50640527702	7.32436462612656
2194.2855988702	178.740374581435	3.50186718042327	6381.59249739845	888.198852555133	4.33027587917896
2454.82581074281	219.88750827937	2.56583916928092	8719.96834901779	1326.67924332438	5.78777926810201
1971.35449501365	167.232500121658	3.89604569880866	4914.77328067341	864.060664894229	4.32056693454032
6219.66768934675	435.089659568528	4.32220259999997	65891.6125963815	11043.5815356449	7.70761200741698
2834.94761025319	222.804400805228	2.90858217859228	10392.18491942	1563.30040008075	3.69425060045421
2957.38036767339	192.17325450055	4.18120364652367	8416.55071568814	1191.68033310424	4.05069647880724
2626.30575465054	212.83308007242	4.21187933915983	9942.06333306716	1367.78979239104	4.48988715537224
2946.17317624568	271.632071471161	2.86626803365634	17608.3362434373	2309.79041718643	5.70904582290342
2834.98254994468	241.92873972187	2.71784744548712	10481.615994825	1655.90928808459	4.39781622152239
1924.62369859	175.871662874853	2.62043995409799	5217.65938114475	1022.56708624276	3.97637440667399
2264.43223234129	211.444209138511	2.35261591466616	7908.00302700099	1222.39639256916	3.92131347824316
1472.51807066864	190.203870282416	2.32219405376587	4112.42612109763	1284.79070756207	3.54996751032596
3133.38740524791	267.9048975095	2.73066704615792	20791.044189596	2436.41854464314	6.1004714325938
1886.82549408175	179.779747059555	2.82590050370602	5259.03385367679	1147.1232815811	3.20221988120058
2805.66090340478	185.662678839335	5.85728615970749	9634.90442975828	1025.13904320534	7.09786313027626
2023.74032226588	165.655648811207	2.7134202057663	4655.84803691916	793.27374360403	3.19427443131209
1764.7142777651	163.027794381364	3.17566228399916	3696.94853546238	883.237637667609	3.4935881795493
1818.64023058733	191.280544374266	2.86446428100417	5022.595693479	1738.22554703176	4.00999799646259
2876.98810713103	190.413573242595	3.27818958170199	6883.90990779184	1049.88074937695	2.85734739294987
2131.30945860039	170.121603099694	2.77807131293509	5153.34261602977	926.542182551319	3.31257342310912
3533.76788420772	204.722433148765	4.61187897103574	12925.4088229595	1306.59408240082	5.95891755028348
4769.80213960336	179.455167875646	7.33222060500087	10474.5123078206	953.642258019356	6.16366030919835
2531.57707706517	200.638779235266	5.24584823700447	5775.02387530937	1240.22992102573	3.17115375424766
2434.09535554661	171.15830593532	3.5818767534841	5061.40502561254	906.969802438444	2.98883295022718
2850.1520159208	187.484537763763	4.55655385989173	6705.89624635085	1204.37825743465	4.48527103310165
3060.74567916196	196.601781197399	4.28101677889458	17026.6808266701	1377.95637039445	6.50604298343398
4852.41141835475	185.466586320274	6.03247353447775	25280.3578856834	1260.77359437229	7.93491296813424
3158.48732888402	238.838741270298	3.08821886903548	9644.22181773742	2198.31586578874	3.09438897336631
8494.44119293039	296.398074464173	5.56221987735966	33135.3690878971	2738.51535963746	3.78988640132398
3963.79468001007	241.249143044927	4.71973309132888	12183.9244194588	1753.14105203592	4.43475630943589
2138.5348028073	165.861604195018	3.3158086521996	4907.95914945842	882.63539092805	4.23815921203341
1904.87082254796	214.195897306237	2.60628903866131	6473.03501107855	1744.26034810036	3.45658522864024
1967.56881746531	182.451212555312	3.52860645921586	7685.46074729402	1063.3277062786	6.3523297694415
1717.68277433956	171.817348270382	2.57808755221326	4495.88719238348	842.922939422249	3.97335382769845
2311.06470632499	209.321915597356	2.85935699770123	6308.50609162006	1268.96479860919	2.87848511650968
9299.40672783233	774.666904012833	3.80459201531682	99591.9652839735	22042.5772138762	4.05899687717364
4563.57738242113	269.520465101103	4.5012662421016	15561.6650582852	2287.6269353489	5.66753529769166
2717.78780947921	176.871375755466	4.27918061736966	7298.5821276938	968.953945016906	4.74288056930814
5321.11804082233	184.753812723514	8.4775590474307	40262.5857670415	1051.46748805425	12.7609722055761
3385.89350254771	237.875880000596	4.25071701907362	8344.7230215479	1744.20364181141	3.14226560786923
2960.1599564672	207.306722598455	4.13149532927045	9463.19573618807	1299.2439032063	4.51758826787126
2901.56029441111	227.788533838428	3.744868999106	7758.89150888716	1666.95498401792	2.94090528438753
2546.48217557744	173.979009685289	4.13321237237349	6821.06437338208	981.538812950269	4.75542253470395
3256.45367670578	218.190678414545	4.63313741477071	11671.0983897715	1529.45160420464	6.43247533869048
2989.02160159798	212.784565266307	4.12064125547973	6172.26947353297	1307.95019294226	3.91789301117439
2838.16124875645	210.165157605928	3.0047926891355	6784.39968795821	1550.21834454553	2.81010876194505
2585.53780124943	218.570997607337	3.48801936167562	7683.38613880117	1270.84580861791	3.64587632022009
3346.55713054758	209.153060832332	3.32232700531595	9510.55367108771	1348.45897017567	3.91345211158055
2113.44564021933	169.223566174829	3.99428434960985	5483.27327191119	892.273771669255	4.327501504906
2169.53041768124	185.186155136313	3.41627375570469	6115.39839111835	1043.64660563014	5.27997190825995
2137.63538512939	168.708813229615	3.4767857102438	5234.09871460772	893.418666056142	4.28084381159917
2942.30813959687	279.083953080998	2.81673524430504	8739.16652138954	2168.53523190436	3.01208713877982
3938.33169649807	263.435796364608	3.9444060752562	15137.4479754546	1862.11803629121	4.0785553867107
1802.52572326909	176.869168006609	3.36797354814578	6634.18327176871	881.801078260148	5.89379031529362
1884.25333463489	205.146935916191	2.9235870904	5206.45196550491	1193.72397341937	3.64617684748246
3377.33430400905	251.685920956637	4.65847982606702	13962.1834878549	2094.15736862492	5.39095416358277
4385.50925939054	352.795613155163	4.10582238395175	31421.7426353219	7686.75381328617	6.2674946229977
4018.08738676804	236.877795994761	6.07761134472585	16754.0749396193	1620.30093045452	7.20597039933054
2820.53885549114	244.980553768797	3.78014599844126	15705.9453130607	1858.50037427097	9.29346719278355
2808.00862674752	249.790409853574	3.65664040505864	14854.0730466751	2853.35889434418	4.99836967191918
3052.84414946609	228.285381901788	4.92183835973832	9776.58767915459	1641.27795577065	6.63142103840699
4517.97198013476	247.401651487295	4.88827929380397	22551.1381737574	1724.75039545699	6.17581804131516
1872.12037825878	169.368272904019	2.34007989517182	5574.32013841212	888.215026689667	4.13883522876528
7980.23709475959	493.137059857875	5.65947287509596	65003.5485911414	7784.52744992053	7.74212753597622
2148.76421681861	220.248311448685	2.49284647352437	7302.71597289997	1679.10379124092	3.58744046796472
1602.40692870701	157.672620782044	2.80833672457686	4850.7760224019	854.263668529685	4.76338452063305
3431.92922770455	212.624460784528	4.76563552624264	29808.680848048	1447.83547471386	11.7255359655139
3009.54777493289	230.550814892216	3.1254561781124	8318.13451648317	1509.3100855098	2.90906770283411
3718.27078763371	245.958952223239	3.70052120957839	13915.1367909807	1711.82599034616	6.18846181683313
2049.97660193362	208.877539850364	2.95404711699408	4906.59259878953	1645.38161433212	3.06102668615709
7936.26775199298	269.352667576472	6.84898151637428	61501.8290140559	1948.82506520775	11.1580365280541
3747.68220205677	253.940730183125	5.27954244354508	14198.916987702	2091.76341573631	5.81858528837966
3146.24403827729	239.324942902577	3.32736977150839	12328.0287015824	1621.06923996399	3.74828339353825
2213.78693230316	253.577593617136	3.47870002670566	8497.19375065091	3095.08084002571	3.40602624821559
2353.90786536156	186.100862085182	3.84383781198887	9549.29852262837	1163.58730453713	4.98175511467832
1693.29438049727	201.726440408245	2.38304695282402	7110.5903947017	1206.15136175995	5.22601507764543
1830.2437699842	201.268221730459	2.40750576851574	5931.64312499367	1214.90468037693	4.43909427952811
3062.06339033786	254.170907628639	4.48241511997576	11089.2650863233	1875.80537753877	4.74454357676269
5915.80019694938	451.208839637169	3.19980240006883	48422.3008560809	5650.07751446428	4.71620738975473
2063.13652829272	178.465652476024	3.45344135512943	4823.71154207243	1046.93117315512	3.7321889090784
5526.34741729574	370.776050673768	3.39820697143637	28148.3680557959	4295.03842781846	4.28247384389099
2527.9608259378	217.354819656976	4.07802413787904	7867.85243687516	1531.71783471328	4.24596686346119
2289.68229472534	212.148105064156	4.01490539879633	5471.80972971967	1443.22279537489	3.42299634126711
1914.60497591977	168.914927816699	3.58651777112213	4280.18527254009	872.261919147004	3.4606128760317
3084.41610143599	233.090993197137	3.90703548225468	8042.57073162213	1519.16103408235	3.63862988877103
4058.51867550031	188.508025420013	5.60345319360122	19420.4750301123	1126.4228641502	7.66366256124
4357.91384516066	478.383092288556	3.6436292498823	24844.4329785277	14950.38247449	3.55502451944714
2011.89388393751	168.364584501446	3.55322973585135	4216.11177671761	816.446047175775	3.38741666526726
1728.64901574693	181.545211030697	2.63286392837035	3801.38819050593	1003.32706731272	2.68182188777277
3847.58080087362	325.501550594306	4.47686914611932	17885.3683551447	4032.36467866661	4.8777752541084
3382.34206612919	292.720763109622	3.35725615138441	14358.7176075393	2862.58691519043	5.24207113916904
2928.95818381885	239.783265342524	5.12513724406742	9807.4666125191	1880.90755451428	5.88105706327859
1590.04370600484	200.192983811686	2.06180505735506	4205.62465425214	1250.4891004379	2.66329773133211
2831.04412746129	244.484191968145	3.15039919427935	11728.3229352482	2440.8543508704	3.68784347657835
1768.77176874699	165.864866245005	3.07875007885666	4439.87783131414	900.28067257628	3.58603576509982
2651.01606955103	242.500052726469	2.71760779583472	11849.412354399	1773.97400471674	5.07489859858328
1911.48263670019	211.987758975219	2.59030820253489	8178.97484968042	1820.13954196639	4.89365537526468
2587.18949752616	215.848567825279	2.87716165741895	6395.11238354112	1511.00204376343	2.5247178750566
4526.83780721937	379.368920736816	3.71343955710424	26753.3717683212	4351.90371012273	5.47466334406067
2513.65454693375	220.525548561616	3.46049126200025	6257.29884577083	1409.01225740227	2.86951218954617
1723.30004021752	179.599335656538	2.64872396366649	3642.90439265678	998.826604529922	2.56206470246117
1676.15969732552	159.807382127675	2.37426640536293	3950.97120077335	864.454341489405	3.65491538644667
3177.49025810241	243.782859117171	4.02677550144664	10715.6303854339	1932.02723768331	4.44740624940189
1874.31705504245	193.31761862502	2.91675772234967	5216.93256487937	1174.26659796002	3.40783119257426
2675.13105642969	254.849425845906	2.52997171473553	8058.83772490338	2268.69674420918	2.59893762273012
2897.72479853099	261.508510425452	2.86960130831517	9636.39628659565	2539.48153644617	5.22373572785841
4470.36923391296	250.122180215896	4.66734584067879	32024.481745918	2125.8119404148	9.78349003726928
3205.66620464995	231.756533976982	2.84960673804766	12096.6783385276	1847.33462467209	3.97784690080564
1755.74099082735	150.936360701929	4.70837762629461	4217.37843840764	753.962624166492	4.91176996986483
2964.0860857825	208.417374452145	4.78474986167797	9546.49608804808	1468.89408692007	4.75694625235412
2868.78687075138	217.060703497328	4.10134037491427	6354.63516713083	1386.42864610173	3.2243781771538
2644.82665900297	204.599521418531	4.57951920592101	6375.93001048694	1147.50750292391	3.21998429938991
3537.79941861077	221.990692725751	3.66052350594881	10999.6295644867	1542.92878496075	4.36956424347775
5619.06628245058	336.974779004486	3.89918524276745	41313.7764718331	3528.38606344838	7.00360871566486
2382.08293596536	187.603586340993	5.46228456455562	6314.05199171538	1122.19972319581	6.88562824749088
2632.96722534063	190.076039287957	4.11612550398034	7472.28839065481	1126.84814038712	5.63696326978072
1950.52303010734	189.738742128348	2.49230472353145	5542.44790759289	1108.88848470569	4.3713475464
2374.58030077424	206.087941660221	3.51417463443641	6779.54622171131	1378.68646179321	3.36883026319976
3475.22489613344	265.378556115834	3.08545123781212	17719.1367693753	2494.17088758967	4.52600836940274
2816.11069956568	173.957249949807	6.30822749931839	10767.8004952165	873.914965239855	7.82295118600828
1736.05106822036	189.874910480949	2.45613893841564	5115.89104125829	1117.35983784157	3.81105990029414
3818.16412016617	292.058395217422	2.75220015259558	16100.5639356049	2731.36390063952	2.90896113104686
3755.97819304161	282.138549371527	4.66591660909128	16778.8830369851	3064.75447121147	5.25280984308772
1701.57118395612	161.188482656343	2.85612551723915	4728.62581198174	757.515149425982	3.73498394185247
6098.45080654811	219.29311876718	9.10742944232314	61073.7695626155	1454.22543256755	13.2348693085979
2184.16477118138	196.873323164639	4.30015299900925	6726.35247089879	1158.23805205442	4.38761763372505
3443.39059106007	250.329694490921	4.52862986043258	14344.9022415316	2220.24490187816	5.62114081934766
2369.22358868827	178.217721140183	5.98067248769935	7775.26011085233	989.24588787317	7.55553058715071
2518.19040328525	217.717080112903	4.38840902495785	6494.99868378019	1422.90852892367	5.22208461771814
3028.74700808524	197.174103942161	4.66549643563685	9834.82650982686	1143.00237095342	5.14529625480862
2148.20580730771	189.230584296734	2.98650181701936	8402.87065065093	1100.44579900326	4.94425820299659
1822.89134619971	157.487003196217	3.21782803673997	4813.78108333623	824.602673589405	4.36413041940273
2308.26470725239	209.945504692685	2.91233494172781	9086.2994938698	1416.65066608859	4.28103686129576
1872.41438286525	179.284501794419	3.29981733933421	3943.9180793799	1117.85752752711	3.11294884499492
2087.41459948979	207.817605992936	2.5107375302446	5399.64333192018	1463.78854470766	2.82430302653957
3380.84383447731	240.331536582951	4.98849285061566	12405.4682488879	1898.83148954422	5.81733598988473
2117.2635556041	216.298345251301	2.53095462236688	5533.18763471232	1269.64022179876	3.6724510488714
2125.54785757543	192.327545365813	3.49051024144642	6561.5450105211	1218.1117393426	3.76617475308989
2528.23561750428	234.08338197348	4.0699384346774	15727.0590927834	1695.43935156119	8.7741069247767
2490.76978224021	197.060240812806	4.44219638204169	6666.97499097149	1134.54605921176	5.02270563162585
2069.24838090742	203.895563521491	2.95136147978997	6808.27379349453	1113.90123528142	4.49761857728192
2044.63122298194	199.303703607952	2.77224449921486	7183.15393024512	1136.89178953671	3.92615906735209
2167.54825636213	153.653745169976	4.63981399790283	5356.64740339351	707.335025565578	4.76771278955247
1466.49584554775	188.113244778102	1.95325782351628	4216.81269344254	1658.67762469831	3.55802012251001
1619.44763862293	184.109343170641	2.44955780592565	3141.84974313118	968.252745100041	2.42429302519028
5226.34081823643	456.057201145129	3.28173430133857	29193.8406862576	6974.60424486942	3.98992884759042
2318.33028890523	194.155716224587	4.76153987926754	6178.62548965173	1181.87526470171	4.70512287488047
2476.87728085699	230.812016120785	2.79897534863609	6989.32243914317	1578.89527537313	2.99008871725695
2826.53676368292	283.928147557711	3.38357868073179	16493.6486530356	3059.62913165764	7.43237580733888
3228.23027114679	298.214261444905	2.70283935555957	13064.9599822568	2667.77235069435	3.01046174764306
1626.49513648456	216.366438407031	1.94934257722785	5480.07831947715	1455.12435588524	2.4841405657558
3137.18927146741	210.233675747299	4.93663499924131	31946.206085126	1506.35990229025	12.3054547722141
1694.48304303567	189.405506173685	2.70241993342402	4069.40749699293	1195.43189931757	2.8011479747769
3952.40068937071	245.924615954727	5.46210441345927	17137.8966103819	1730.80368538975	6.99831345646375
2768.50217299809	238.855278247362	3.62716985506057	10765.9399846352	1741.99832537489	4.31281355560177
2042.63840693001	163.583351090551	4.50424462670816	6499.82248576316	871.715571815066	5.04399929716088
2409.11253880673	208.965994492657	3.17490610612183	6315.42533233235	1278.32909889084	3.2311420317056
1496.64790984666	167.391312849692	2.43121989734956	3443.46026559709	875.778081558529	3.31113033796945
2455.03848026201	247.346725516176	2.61571071506016	7590.54375867047	2120.89136640869	2.83072701805829
2254.25741588759	191.174771812994	3.13009755235867	6617.95514560062	1016.68872101816	3.43183434880383
2617.0300710383	215.798382708434	3.48785845231929	9515.25529775925	1544.09989268345	4.23691938741232
3949.23463218284	282.797441618198	3.80792249866877	18972.0156340651	2456.47122041054	4.52563899801621
1890.31563258657	168.877830425384	4.0911942807873	5168.43486360764	870.836855347795	3.84105580169851
1789.22889077915	192.220437981331	3.03156312329265	5099.93978487642	1248.14010915912	4.44131554007846
2032.45008283212	200.003144882663	2.93646425590187	5957.85308288016	1264.43193017915	3.42379359149232
2421.52700745207	254.969464349871	2.26893141141134	8045.50345162412	1794.23667808282	2.63733193169135
2602.67117307451	216.241274512635	3.171423816643	8408.59703452091	1426.62297372735	3.78575299120287
4092.9212281861	235.08508355341	5.32317272483592	30978.4444599155	1738.55240116836	9.45234494073301
3254.11318084665	204.516342632103	4.78640872330641	11806.6959772792	1246.4396579599	6.03294635274575
3899.4798000359	418.123800219778	2.36338326898169	25173.8948018702	6483.52433337555	3.08037016480486
2011.727900134	187.146670552071	2.69563604409684	5665.05232991292	1002.33586466176	3.26251611703668
1765.56456684209	163.27861575056	4.16116710860538	3717.67125890157	903.206328348103	4.27260623556925
1791.21128313252	175.29452844603	3.27784443383269	3528.99948986034	944.107704800986	2.86280014059192
2781.70753061782	237.910987567991	2.45733277099389	7550.51915301973	1770.51833300695	2.72657715409782
3100.36856514702	241.167145619557	3.34491149222486	7943.47911436902	1755.73585595208	3.01341925061636
2011.83863726716	245.484154031569	2.90733579672557	5835.03936437268	1888.85584004532	3.54841563040369
3591.81667064157	198.469980699708	5.10996147433949	10712.2490032381	1250.64214802093	5.79869012298755
3071.92748712373	230.955123603961	4.09695495853938	7650.90220265334	1704.8377821487	3.50836591385596
4171.58930004561	269.189244237331	2.78425050925569	14841.9454527004	1976.50609699933	2.92480430362121
2932.82038333927	229.184170478966	2.85823215546387	11172.9725704667	1747.69777948928	4.20014632026644
3939.71192010977	322.3430777496	3.36205151853898	24581.5860652714	5075.02693699173	5.79510930768469
2058.823965227	211.970632293349	2.6575963765566	5487.38455577851	1511.63408653366	2.95718025413611
2153.00099839186	180.84306823365	2.81400392518171	5986.42359466355	971.915924928031	4.00094519119256
2068.90329976956	223.185620270835	2.39437304302527	8490.98105702316	1603.62330773024	3.91479898523167
2106.39862276407	199.702837881192	2.58204011823651	6751.98290439487	1643.87714893683	3.74797953293155
2293.96955104742	191.554087656704	3.75526975729379	6170.90175332731	1158.48048456686	4.41030773258079
3156.51360280577	286.539488675426	3.62696862687438	11301.4494390792	2505.2448794401	3.67568698712938
3259.10659384234	178.313290776364	6.47793930731334	13570.1721247456	944.233655980299	8.6234545821719
1696.89794503224	168.764976741553	3.62412510945229	4035.96229634826	889.190289095573	3.66521948332427
2113.30055935065	192.749045448292	2.90685315143399	5808.43798527223	1150.1348438404	4.45975979579364
1950.57483533629	205.76811638772	2.5675628139009	5264.65421087309	1253.33047725676	3.175552949144
3541.52806803754	327.969080018097	2.81121291583097	20243.975667519	3550.54254766121	3.65889144946253
1554.32898983127	153.399684444505	2.96451255485846	4946.70482743369	773.730380488304	4.39801895767946
3416.5114534203	289.540526430039	2.49205008077181	12535.5769796865	3209.65177785543	2.69625640748002
3314.2233102972	252.566932686494	3.05196593209745	16467.797467177	2131.31765050286	4.61894384560686
3396.77640838297	267.650578372637	3.30269781565631	12172.8319232119	2257.13215019966	3.31541625168669
3221.17842935837	193.139160287668	3.8360959444301	9048.72002012576	1286.1146302858	4.51480063357062
4676.54765623784	275.642138777259	4.12313191493249	16315.8200988635	2493.88537309264	4.1874064080864
2022.37753850426	181.859757854758	3.03073360926191	5172.43921629467	1039.3528953788	3.21669956210833
2744.45462933659	209.959072226598	4.06283098837978	7315.21542884813	1256.89077709505	4.05160207467264
7099.14484193227	305.27125058842	6.55952937784353	250933.994772193	5786.64399500691	14.1558287271798
1860.56699263785	176.600490663982	3.32231799774211	4893.34265768903	1366.7542938326	3.77163044047194
2583.68683779117	227.142670935462	2.91536918686643	7178.65528690268	1623.68772997874	2.98763099283068
2095.114730066	230.906334441702	2.3691347394076	7186.33301215744	1931.88458055642	3.59769307711063
3468.03705953295	278.674103305258	3.07593128121827	15125.5909367941	2455.17836523008	4.71112597868167
2367.05158958246	198.595578275528	2.7215077256138	6111.22750868072	1313.68711336903	2.8802448014159
2276.96262772616	198.423648996719	3.35915769636	8816.28068932923	1127.32670977539	6.07832710541089
2019.68969310908	180.847994526421	2.93672982304334	5782.75016037259	956.692429307393	3.45099137602565
1601.91811894639	169.437067108728	2.59770014408569	3715.97940445249	832.088448056323	3.62818461508154
2129.5372476418	189.874877630499	5.01742927589852	5811.53972214774	1057.10673084845	5.93361099142669
2638.9606577834	190.777069226713	3.2833927431917	6763.57568012399	981.618540127286	3.00680730288949
1536.57685324641	172.693408258705	2.59636803600196	5260.26166480031	976.937624197779	7.0321631181753
2189.52391172831	269.63355249909	2.72215479226158	8391.75710221065	3245.43092020306	3.18011966511146
4092.80084405056	312.800374451881	3.51266706891952	23579.4157045484	2734.19615635146	6.01075663499025
2945.27266216222	203.927268890449	6.03578903702492	12246.3306444785	1227.7041489562	7.87630435651914
4120.10144869557	232.601441588596	5.76301225690663	56175.5532813078	2075.39853136486	12.7482712419901
2962.79862988595	217.223994037972	5.2392428213411	10784.7557664587	1426.64250851894	6.8023923211664
2199.1153445178	193.843935595738	4.00497425160532	7493.02549571227	1268.2209454764	5.32992228227833
3101.29356409291	271.4586676975	3.34319410443581	9207.84625919319	2352.93783637294	2.77213832650647
2008.40524443864	180.402384698067	2.82738392072273	4877.91766137981	1009.94250788164	3.24401473208943
2659.5005252011	234.486742239826	3.06775279143725	8705.48299895876	1949.68597173183	3.94505962485134
4247.67812921774	300.44692538958	4.75856578562513	21509.3875058354	2605.97835966885	5.79689055365015
2938.57314280597	311.48580902828	2.59936895622533	13436.9385736655	3172.52771983216	2.87117580381193
1500.07528608644	147.062594772621	2.80286101994851	3349.70524567743	690.572526115729	4.31891104953317
3686.23540618992	260.255638826302	3.78376338571986	16845.0735935247	1840.15674593516	4.84243660963076
2824.1615658502	284.408382188187	2.6429241045554	16016.3111857394	3208.10317615468	4.93033227934188
2154.66925268217	198.837873432863	2.61753946875969	6333.66256477281	1281.4049473931	3.44662171623067
2981.4161216903	219.28476876829	3.3295759861357	12775.6314141777	1361.80870292676	4.54741726060588
1844.17862483249	185.409951749567	2.70344086270988	4956.7099764712	1027.89596659667	3.94054848686776
3560.5814559264	272.391466783516	3.64691780243989	20389.9002638891	2665.29916064179	6.73338509814578
2953.7645044403	184.791005623385	4.53512341226784	7472.6984118144	1099.96305441189	5.00492869716733
3563.11912967273	282.090464324888	3.46932696153591	22810.5398629576	2637.91454826985	5.61728574531697
2826.79990393871	198.415636740123	4.77289745842247	8624.54007797406	1171.36501640983	5.21498103094956
1862.32722857685	174.67851306166	2.93725247403799	4464.0585827635	996.309903573295	3.29143286950309
2567.51446470052	198.310627003933	3.03730022656623	13251.2749527951	1267.3820442504	6.3091663896668
2341.28288605368	164.613112115699	5.75475167050506	6992.0251224039	887.39315358504	7.72024858345168
4841.81537122483	380.760830314241	2.80544292664015	22473.6912450497	4473.56737323775	2.9125792176171
2884.25352782853	197.417016112502	3.26620472439314	8362.78179058041	1223.7900320352	3.48749012901952
2626.68973553222	215.538744927886	3.66827915782144	6744.98314333148	1482.59259659749	3.145536510269
3726.05437830516	307.615905125984	3.41989208146065	13811.9831420594	3383.72608635605	2.89970226186822
3319.87694248048	247.180288342372	2.8550453311447	10163.3499243929	1916.29794557275	3.46061683817613
2692.96549850438	176.773737474806	3.80202659006918	6140.33032605503	919.592796800523	3.32561624991889
2701.41129374852	235.309827426661	2.94494970029191	11853.6299642939	4492.68442773836	6.44260816840774
4293.3128667006	224.347155529153	5.90519994278142	20117.9237491941	1408.58119085374	8.05068929908611
4048.3615272985	156.854652056354	10.357002825327	33962.6495697584	819.260736080456	13.8810510906414
2265.37121130798	195.173365579159	2.99043658637688	5177.92243148978	1093.4683096329	2.71825430396006
2007.47351576635	186.31046027232	2.54882296888309	4659.97562370023	986.784974479055	2.63567844630063
1738.60796398937	167.789705258307	3.09041387167132	3381.03164964903	865.548831367914	2.95473588158617
2580.19838024507	221.782702859351	3.55282530716971	9708.2302367231	1419.21855408544	5.1914343237994
2185.84743592176	185.084124951869	4.3336339486568	5935.80678521667	1062.73870137494	4.1713587755164
3555.92776949408	347.359517961947	2.88949688150982	17294.4478986188	7044.88578889036	3.28678040676579
2957.00752958554	191.425295620013	4.84480871188722	8364.21764706277	1179.83167620879	5.39392308998273
2852.10326714546	293.91228276407	2.68145828996115	13503.8185327849	2501.80758012254	4.40318259922506
2516.89566137887	259.433399388223	2.93728314026992	10002.1295935022	4107.78053311719	3.91197430997521
5157.45737784764	244.776962608837	6.16043065170944	30864.2740726327	1661.58023099147	7.94300629483836
2087.11549583877	190.058624162896	2.82885954895748	6089.94638286861	1080.75033783813	3.82584135682451
1805.611208322	205.864616326757	2.12732307651441	6089.67786499774	1252.42093487215	4.70500823725556
2396.350389882	269.748270237265	2.80260326340153	9640.73419344975	4370.81373520015	2.71898529797747
1991.62060811878	193.292303744321	2.27978913227677	7335.66210121226	1122.41617328073	3.20935002827971
2511.56015667829	169.25906311061	4.94654654823054	8224.76652390792	1069.79814208239	5.54673197589614
4460.55313981935	258.883515716574	6.56751983428605	27675.5269330223	2541.21906621446	8.84286560626186
3262.91411974515	190.722653533632	5.1630606977739	10424.74738965	1055.2380372715	6.33127823418047
2338.63636110958	196.944476352793	3.53703891715017	5257.89932309722	1180.40978358834	3.18019673414011
3314.9571912711	223.81191094206	5.12806122900447	13810.6708676576	2338.63062384177	5.72740266482495
1829.36732123919	182.895379713305	3.62551178747201	5192.73477977194	992.082773816269	4.48576657695724
1710.35034124401	161.574172574962	3.83077597590132	2990.53076909777	815.402738279755	3.7137560385133
2830.62129349299	213.711508077871	4.63259341686906	8040.97257226569	2282.26489603562	4.99148989045771
2254.26488234103	207.073166273615	2.69776867233775	5701.75859902134	1416.62401736084	2.83472137374112
5322.41541651626	176.99996132287	7.06402215590072	31799.6533812015	890.292455306578	10.2837402889787
2222.77159842663	204.428816410753	2.89309425880684	7266.33862097098	1148.06226150017	5.42212264517015
2381.40643792481	259.611548019551	2.47696986469576	10863.8578186674	2207.02420945491	4.23690030446606
2547.09096082625	210.502985935868	2.85256052369361	8677.09707229771	1279.15325915895	4.26643829800284
2340.9450032658	232.908729224662	3.39506837850559	7965.7658721638	1437.47178883587	4.28520716231541
2123.40919771942	263.121911520698	3.38792367358756	8412.10751515152	2385.39923686155	4.82683473484925
1779.6696779044	176.58542182963	2.75069409886978	4728.61952034	1053.97765875201	3.19519801614112
1782.39770289188	200.641908286176	2.4754021157472	5072.20024522154	1200.95117275698	3.22177563614588
2243.18394794479	196.232632419341	3.42239431569184	6507.178780535	1142.63586667503	3.34010684419247
2869.28624451456	240.314024784714	3.11315655911814	9457.25578719265	1666.59289714441	3.21865537115653
1931.08537426434	185.187543716426	3.10751626412854	7023.32266401216	1092.81214401525	5.97449694780435
2077.77206257998	200.018179612176	3.2021326005119	7500.51812016959	1241.24337670521	5.30716962683659
3373.92957415098	300.763385798451	2.81770886403636	14384.8743521496	2672.35210571287	3.40455305681749
2563.55458730465	210.858452176739	4.87164279077244	8708.84399882327	1757.28455082526	5.45210152270307
2252.52804995484	233.113324838768	2.5080292326774	8280.36535986742	1608.97885334212	4.96260813957219
2740.52881257613	192.382190211477	4.30294810076448	8948.45637654716	1127.20774030374	4.4986299509996
2606.90891585718	223.891521742568	2.69287933985127	9769.98521417938	1671.39884083443	5.52194967336845
4967.63987251192	468.23242712541	2.69446351933612	28407.3192432637	6268.06661252474	3.26420631855368
1646.70897030177	173.606649847913	2.98362106032655	3255.89603888031	911.64674932841	3.049461719696
4423.84162883335	298.587003714143	5.9377493436949	17477.764380421	3199.4591199263	5.13118421725208
2571.72932567345	185.745450240937	4.06276210028649	5940.01473768547	1146.13337876514	3.56811936467673
2366.18054951091	217.829400353915	2.57817881927733	5845.43535431172	1334.82828844551	2.47644989195377
2379.15628758872	203.627812363836	2.82608994212126	6083.35400771515	1335.41672893868	3.25681826198329
2510.08800045574	215.712660001376	4.66844027053274	7298.9315151196	1544.51656776747	4.99552421101515
1676.91476438511	172.074630521089	3.41289080778736	3299.46370608471	905.926599152633	3.24298781232182
1877.23952469414	194.503875162	2.55196382141924	4829.46630301791	1323.92954772608	2.7338994818996
5108.40826021659	322.657677475204	4.28866819682055	27364.8838836095	2979.2310097548	4.94778712363284
5869.26517536828	328.941484078024	4.79507678815935	52552.1494021802	4668.11654669941	8.25925398099786
2557.32846631028	227.335536572518	2.82991142957178	10572.03473601	1614.38015332658	4.66052533019467
2478.57940222602	196.777792935868	3.62787230506118	7943.36162329246	1278.99228194467	4.15483930728221
2165.63447855664	195.129232048989	3.12058584855154	6063.17403595796	1232.45705036777	3.52186174548246
2412.00528873416	226.57119437921	2.6939352149628	8083.35204194798	1519.9742762715	3.54008216413626
1694.47253487168	185.030920920508	2.80378147751781	5944.16571807131	1329.66886994147	3.92239959115869
2732.51240802186	233.952982963795	4.91113791798292	9105.14087203518	1809.02533142673	5.10071713051499
7632.95140595383	477.925285298294	5.49781302651486	63491.2749663016	8711.20918154028	7.92201713855261
2552.6836350066	225.362870584507	2.66704735698126	10135.2141901481	1436.59627076663	4.22231084716942
2772.0037618436	241.917051706533	2.56882715215374	13151.2121970944	1811.90327755448	4.55184390108037
2597.2918629609	221.140999692519	2.8266699053025	9072.27856829533	1409.52289537749	3.26833025716048
4576.18545480478	380.265612092256	3.32728623326171	39599.099404296	6863.08753107748	7.2851467464117
1991.67656361709	215.665896727937	2.28755812267136	4818.82651280547	1375.29632763515	2.20636915462069
1929.49446828128	218.995982867851	2.42288202504809	5686.90688588496	1425.59623826453	3.127487752927
1862.261651391	206.916190873472	2.40709374222744	6317.84896126194	1277.68814018888	3.46156117054692
4586.73725544284	276.75522990222	5.29698242029734	21101.3357253898	2486.78808153634	6.62152882884616
2388.76542091855	246.717004157169	3.19556478294898	8995.53988024913	2240.6957327284	3.72154299038914
1704.84076079787	192.155119641443	2.74684235203017	3941.75309232849	1195.32613115086	2.78715100893116
3817.41256963198	281.701056108953	4.3144383727803	15055.1365373394	2401.62293337995	5.02186558043281
2329.72155636618	175.128996322769	5.2791191574113	7084.75150711649	921.74415645979	5.75250424286726
2834.74975665703	200.000185272477	4.96733996261737	8875.3387102413	1234.18641811825	6.30694422030875
2670.82761076688	225.411345922129	3.32523388612714	7760.45183186028	1746.51356576431	4.04231848656404
3593.75583159903	176.324012715204	5.88235707437281	13353.4544942419	935.420315853772	6.85354924741581
6118.56427333811	215.508077410742	7.83697891585803	47318.4120629354	1427.4505616215	11.6019615142605
3143.83307835764	206.891731547654	4.66303675750979	9051.6924091809	1555.30669069643	5.65193773079968
2302.58941641111	155.61165980148	4.08430009412375	5057.71037394853	730.147855739507	3.90008717244316
2618.88896900532	192.241833677153	6.83370073902396	10414.2775589244	1036.78773236206	8.20574740628139
2348.13364660121	214.978106736097	2.84432293631092	9537.63318137584	1311.52153714332	4.18351627032626
1525.58708362655	200.202936026212	2.43422880505203	4481.94227182186	1209.6345976923	3.81921087993112
2215.6927209051	223.91689290943	2.57572889939768	10842.0796932834	3492.61962526564	4.69856471715384
2862.11909543275	202.357224774774	4.61906572190269	7370.12722899452	1349.14962019322	4.25047804077514
3050.60410519184	279.559929184055	2.51681519650074	12373.2654602079	2437.2656698234	3.34709596215383
2209.37834362105	170.446744483937	3.81439643561608	5633.39254843914	951.067684009256	3.69912417714131
5284.76261247272	168.342454247844	9.55127326147318	11220.4042131552	981.38001473806	8.68143338950351
6828.81008408424	176.692799448781	11.0370150582046	18757.6904984888	1019.51557916845	11.5879687729439
4102.82936447231	209.006231505575	7.18621162557426	10331.952351473	1502.47039219296	4.37491321547772
16453.9387078588	470.583921783561	10.557095614561	115935.272603121	6748.52909100786	10.0253881633005
8564.64865261683	203.095001953043	12.1292170208847	32687.7625881249	1470.18859593317	12.6840835259205
6277.35366481637	177.809734300359	9.43123856068043	16651.112228437	921.359094492003	8.24247762697261
13472.0937600473	258.850381563641	12.4643766144049	79160.3600328675	1999.76600938193	13.6661565682183
10161.888049888	200.916227332387	12.9369649201078	47469.6584567679	1210.90207880826	13.9881125703299
10403.2603357527	402.905884746574	9.22382884955549	65257.3156797837	5620.45468757035	6.84881101027186
3103.88136091786	159.246544096982	9.03998044882404	4842.46553793233	839.74869101629	6.40902323358895
3328.89625841839	227.934727312816	6.24383146011185	8323.16813908933	2230.55824300679	3.41953896553371
1624.36172997307	172.897864825574	2.37692177279638	3544.46178075439	958.253359849559	2.91500689370212
10721.4165801416	241.972837213985	10.9036639999231	245895.184974668	2110.01297694909	14.8132785833471
1720.68087723838	195.141974871549	2.27168160098126	4659.19344327522	1095.16416467417	2.67847844946159
2409.5605858142	239.45674187262	2.69868697255124	7568.14148328031	1679.45787054456	3.10174991011962
2004.65511985489	205.974371528033	2.64258646685056	6306.75490393571	1414.5374798815	3.35241262951664
2275.54404015484	223.117928989552	2.7756371231362	10317.670549588	1537.72974918575	7.46904298099478
1417.09783673294	147.958567964105	2.82235832985587	2985.50808593961	770.931140038059	3.26998664616182
2215.81267898945	197.860208311175	5.13003379262685	7095.7605432203	1630.94345566194	5.20422763832035
1725.45306029894	164.783462921796	2.52481163640178	4365.70471591177	734.923345583008	3.06958385251904
1616.17993548502	177.367966882338	2.50577701690927	4123.08266121364	918.198890627408	2.85394435681868
2878.44063660065	284.997856449082	3.26844841283375	12306.6517770146	2684.58061277676	4.70960487832601
1934.01439525398	208.407749184356	2.23748743121245	5133.73956454767	1349.63104010753	2.82383624900581
2605.08376286964	162.241870036947	5.02288970937454	8822.03626447992	807.541482598327	6.35433035158606
3500.47483868531	422.759390760063	2.57152416366753	21227.3298521158	6398.77361336805	3.08422347112158
3045.24993959253	239.024227980138	3.18737190110192	9564.18762659854	1783.4959702	3.11959183815194
2495.66358525322	189.226912833481	3.86802985221865	6175.07494970965	1013.15333390032	4.48829954729935
1634.71860136457	190.562961219725	2.63504146208428	4663.68565864139	1505.09790019567	3.30874412518347
2025.5917688697	198.85575389217	2.91823729182405	4915.24913604601	1154.0087785723	2.84104914987824
1885.02517985918	180.178879957278	2.48784481869881	4432.13285216757	1006.97073311922	3.15032892068441
2464.32306273192	228.969731155568	2.71740475296678	5996.89508193395	1567.49179769885	2.29172467188876
3885.93447528508	333.941687402493	5.86022239743414	21720.3716819893	4437.36868030452	6.38330396715935
2660.5754748948	213.852476464278	4.50447730824876	6131.08194725143	1472.81781466265	2.99364931772141
2238.56393759448	206.096320441949	3.44577195113107	4915.97060375212	1317.91619763517	3.05994526630214
2456.68224001926	195.822648903415	4.07145989691815	4991.90737191527	1100.21300624123	3.81116159309072
2217.15851004726	190.903686164361	5.03823732711805	4004.42578696319	1142.40917992838	2.45187055321826
2848.75270935341	186.555877881786	4.30598960299392	6537.17592896607	1057.0129048112	4.50490886444721
2083.19971820837	199.97300283401	2.70078111326464	7392.57071287533	1192.59640504115	3.7308510666781
2411.37259237663	188.639512737553	3.50503541822415	5987.66333879385	1047.57067927831	3.72981728398961
2765.34435125907	195.020435382621	4.16250404300577	5775.1451420233	1135.88996612005	3.6574831364984
3900.64506012849	185.468474042918	5.27186581566198	9380.98962932911	1247.46849619472	3.7424620047055
3992.43545814228	184.395784894081	7.28347912994329	7985.79635769445	950.110277114043	4.860757434071
2637.15502964423	259.281001002094	2.87222717799352	9020.38213150316	1899.88940107512	2.99673319793625
2540.97550407182	198.81168456979	3.33560830284547	9401.54048946321	1648.42266045013	5.42330886063424
2114.07965311573	185.126439092351	3.01221401215188	4992.48159923979	990.267800710544	3.59627050435809
2102.11026810957	178.286877713828	3.17887012145512	6001.40350106764	1136.30207512349	4.15509970469362
5286.57873519527	254.435979312828	5.85783681193525	24427.9144735222	2258.51317230839	7.95160218436607
7104.27076741283	287.402676779664	8.15866949002142	67928.3903419784	2231.01482070925	12.5554290112179
2643.29513802561	232.477964324097	2.63724770045094	8652.49859249615	1517.82110200906	4.38675647657578
1641.29151801666	147.150223296315	4.68250241164148	4074.76899451678	693.454817458399	4.92550572126767
2617.61785490065	206.158631066982	4.39379217938912	7406.66254059856	1264.78124744203	5.1513527651554
3284.54409931622	280.161718722559	3.54191221978648	14942.6583161218	2570.87460039573	5.65541768993804
5515.14692051778	295.934954058521	4.94537705107041	27997.8518380653	2636.58205490819	6.41373122636288
2468.71751268554	188.582201133075	5.56981543858877	8873.09460232519	1086.98034565476	6.70258382759965
2422.81539901903	176.129695768721	3.60151553266862	6179.41444484701	893.598650199454	3.56640090581834
3105.22073678374	192.104472686637	3.19915727528745	8628.56031299374	1034.76597938784	3.99317901437644
2383.85490921621	218.998883849008	2.73214350191405	7239.15187354458	1435.48891138634	3.45123538282535
2296.33455788894	231.754321643652	2.47653149513619	8047.50690385534	1509.24847863155	4.10618315377744
1974.36447927329	211.585469052416	3.04641598444251	5151.69278291015	1272.19570754551	3.04234676461669
3575.99892987611	192.433137795336	7.06900389750744	16490.0246183498	1195.47170263518	9.93109519653953
1964.33991604672	195.956240120121	2.76730017269669	5872.91626265337	1207.65376380168	4.51849499494954
1967.56094173803	179.368493643505	2.59461389154844	4631.52427638999	1052.17009793446	3.45613675548667
1744.39017158468	178.791275377759	2.20591310052077	3892.98534775157	953.740074691843	2.50741361072377
2406.31681797028	198.737577074057	4.65134589258945	5716.95515034453	1234.91196365146	5.2633517948045
2040.00559821123	170.890223136546	3.7124687592178	4377.68987768143	949.967727654372	3.00305222100606
1897.54225170569	181.673457954986	2.93353465855453	4809.27253383511	1069.83298187242	3.28955551137348
3051.87202100945	228.138463701318	4.90365819498803	10534.0138752939	1695.37527984293	5.40568851654393
2628.18905671123	216.692518024279	4.96352048165945	7192.97942206956	1382.13905006438	5.83754655021726
2764.39211138266	254.378942362074	3.29131430781337	9416.98461947697	2223.37386658236	3.48520132126038
1845.86262983273	191.231261210238	2.87442178908215	4379.22033533947	1119.28122353902	2.6888903953118
2356.55633204745	223.101431962195	3.09187063481108	6307.08923937476	1431.26949880507	2.81550229470674
2700.01475794093	238.32890827953	2.48170290504969	12868.9086625025	1680.49387861991	7.1012324789145
2403.44040394475	224.083480722955	2.47716408826581	7483.48905858079	1474.49019967586	3.35581957178698
1664.60777469171	174.898217520998	2.90588412391673	4474.65828925898	978.995788040589	3.89243623482908
4376.26609449273	313.105269656866	4.90120058559462	18652.547984349	3196.42352755625	6.14698767060747
2578.74006801438	194.04372940991	3.24497300358022	7473.52337926915	1041.86832555911	5.25351424607511
3052.00521180839	261.954718104647	3.51368962843022	11766.9719070477	1935.73777503262	3.91088877660979
2960.84856338432	296.301811559228	2.70066193983132	9958.68413995403	2563.91590636783	2.57490554579982
1652.68498779904	174.501649771681	2.8933870958028	4737.86768045829	1082.51320076092	4.11566882132086
3212.31152676837	247.496182812122	3.45789766761728	16718.8741192866	1677.94104910634	5.81643107096059
3471.81381975986	217.123325866698	5.67360866043789	13630.7885886744	1324.28989212045	7.41877955043574
6325.30997847354	397.786907594761	6.58420598398707	56466.6535044202	5552.96816314806	8.98668689333251
2108.91204560418	175.84890015426	4.31538262001919	6167.87592433881	1042.11937369809	4.63059576044535
3290.62879191748	230.029278995626	4.80933375867045	10879.6855359432	1405.41110562329	6.55538199576622
2491.36311669506	223.380362526613	3.81463558342718	7568.12057076093	1811.09897971032	3.86913322259006
4875.24654358915	232.849574936347	8.45208590736374	36461.1876699578	1685.66205553485	12.1949617259882
2540.38431072685	204.270141353086	3.8565883100422	6154.59857579906	1511.5829136608	3.25778504710138
2062.03720291194	177.569849080791	3.41221553715349	5177.16336732452	966.961451313127	4.36265123481676
2741.80326395993	193.975698657907	4.73865624575032	8239.97819140989	1037.32990705007	5.63659834894837
2641.75999913221	216.299937339771	3.50903640482773	8885.87551115261	1344.92822111426	3.56830189454302
5325.60138053323	341.674331304519	5.30314004357694	31108.9993198466	4804.99658789186	6.47098118909301
1495.50272742334	174.364289947339	2.46625761478523	3914.23210222268	1055.75988892754	4.12880059791956
7176.74295720014	689.617501727373	2.71803371595038	91653.5578122897	17650.9111546847	4.19689524011705
2036.63312050197	184.306821372783	2.57193272508511	6325.04359717866	1044.11159839321	3.75798313999682
1986.10386765113	174.966491281295	2.52019245830881	5576.80278184033	828.862606203116	4.23099083150721
2308.85353802743	181.868441803968	2.97636322182293	10768.2590452757	974.456575096169	6.45868523930352
3347.36665882026	196.527449398959	5.09771431340462	11764.281753591	1049.40209252242	6.17471053209226
2194.31569015907	180.962244029838	2.67157628191106	5625.48507006845	937.3032764638	3.67059558854216
4415.42531385745	319.009210128773	3.35422754830544	19727.0015721409	3519.61600265557	4.26535313416672
9427.79670780335	734.280074492623	2.98432218492653	130688.238981793	22296.3053803894	4.57054677901187
5593.05993667578	397.00935211493	3.94588210246242	29448.4828803953	4920.3519414302	3.77082334433321
3163.74921460161	216.945421922843	4.0747714241836	10933.5178512573	1594.48421792516	4.60942786382102
4158.15679044535	208.031271346764	4.56077031614887	15300.1829595834	1266.45859811212	5.42536308737368
2664.8676223637	174.630299084493	3.94002777564412	8379.36682147956	880.075881001163	4.29519703781139
3140.8948280653	297.543663314504	2.78657299658934	15505.7543173725	3280.62076201658	4.73102113878674
2121.38601813814	227.952172447997	2.15302534983691	7042.54061332892	1532.35988966316	3.52404759730927
2564.46991800181	170.837164512727	3.34487521004089	7209.44033124083	933.074050192199	3.55376184370609
3497.53869336816	195.238529950728	3.45311267896585	10721.2543560824	1236.45357484816	3.26995288995689
4569.11338091242	205.409303133607	5.39151170260171	16275.1493002358	1180.59753043921	6.61979674277667
2731.33054887133	228.561385096058	3.15583991025548	9335.19845831839	1616.26617997009	3.49761790912964
4524.59609934837	212.343210812946	4.65747495106859	22138.1508159541	1464.96705101993	5.92625874121544
6770.93925776232	403.41375852564	4.7391962299551	35053.6920613326	5225.89480886543	5.00630907907636
3286.79879650867	210.154036395982	4.91068216538741	7617.29714552402	1207.32677803311	2.97890812263373
3195.48527317903	245.894249849942	2.8720523063078	8698.50877298373	1809.47043672847	2.90385672243391
4278.90959669943	201.252717251643	8.30112677464085	27223.0790867928	1235.64149562365	12.159168820734
2020.36405454001	178.320076622611	3.98496812842787	3891.97780690728	951.425141156312	2.93488905818079
1956.29943701746	178.201138612057	4.78406461874732	3627.56883020094	1001.14517738629	3.35950488213188
2547.04156688385	208.722179966599	3.26830274064963	8942.82088622124	1380.07310313712	4.14109345956741
3223.68100461845	191.357366200137	6.75639323795418	13826.2020965406	1087.16675390255	9.0804804464846
2943.70437806866	200.856082807765	3.44378738612627	13354.0486169397	1237.70744880813	7.81725219764296
1986.84911000709	194.587405423453	2.67970920023018	6291.12016350563	1249.05630982354	3.59013212952696
3615.6169969955	278.250789285204	3.7152267188562	13431.9886425977	2418.92271725706	3.4683866227182
2369.09077425118	215.924754769522	2.85059125051701	10552.9235084668	1550.86279196243	6.49519561983714
2315.44865455975	213.046010192817	2.74315203471062	9917.30131172432	1305.3276481679	6.51892688593344
3224.58269218361	196.858986493635	6.66182178899391	14910.3058850028	1226.97067233501	8.25419777383821
1773.06073007997	180.756168902682	2.48169899725314	4807.87455493753	1007.33264694214	3.36223202576039
1762.68100999508	197.004805141373	2.3559736541316	5153.62700697853	1129.09464093434	3.60233487942538
2137.42594044729	190.50667077956	2.79053841984458	5470.64417024448	1050.92791194373	3.02282595283371
2807.21948309297	203.711044444021	3.52545363344037	9853.14331027282	1454.04021160904	5.53170835696197
2766.60497104208	288.24021165395	2.98026639441321	12802.1910589739	2695.96254796613	4.76969009258921
1612.45734073035	183.525051671359	2.7917531896345	4932.57323037904	991.180522864641	4.28948117179571
1607.12758603707	157.619468659332	2.63389487211843	5015.23204642445	760.117878673049	4.23232588295323
2147.62854059565	212.172589393571	2.30371993361258	6618.77572694023	1310.45029450039	3.45904414736091
3094.67467798396	259.917110994098	4.02276625518572	16573.6069420249	2490.6286443048	5.91286133880523
3572.50977925152	243.824823321055	4.46021726943763	8836.65658628324	1747.60018219306	3.23753028397018
1648.9062254303	165.222377561096	3.20108975263694	3527.84897804745	908.711285202278	3.89782486234472
2968.1103715205	198.606733885375	4.0315271497129	10930.7081471512	1267.55870984685	8.01547764298976
2431.4839230604	185.028670833047	3.3309231066317	7282.93239837795	1056.71720967952	4.68579884581501
2375.42918127564	176.310392378707	4.17837354894084	6363.35860785251	879.783446018202	4.23271754232838
3433.87099332556	269.703364937179	2.55508499436872	17003.7664365908	2390.08197261042	4.15722387514875
3304.56684415148	290.190107334355	3.28080082175671	11805.7853335909	2721.45733122178	3.13958584844876
5668.11802710496	304.613066780331	4.52637685825884	18800.1740050631	3321.61185202707	3.51659610214399
3888.67094537241	301.44837807466	3.61763731288931	14973.0184547271	2800.88826475379	3.50748104381711
1928.62645080871	191.635202524523	2.40152412969496	6001.92222319245	1069.06893398981	4.28641960378381
2210.78016237322	200.466546339139	2.74468679385339	7673.17366518138	1257.88392648715	3.99260668264462
3253.38786204427	179.218575201709	3.7247307978416	13799.5782697067	956.342706093462	5.56482773714465
3378.24969862499	279.866813722773	3.30000856164565	21226.5402902467	2257.11372226015	7.06055076487963
16985.4300497904	997.515119482342	4.73747731639655	517899.377092671	53067.881375906	8.31669395858258
5141.98722414915	533.066484875759	2.0473517943876	55686.4553175226	10232.8184113452	4.33714599742046
2726.34655110998	196.878262457557	4.98161940163684	8446.72015435009	1217.06975777774	5.89882847366142
6156.92777899742	341.838551714101	3.68737488460052	72651.3989716462	4648.58856579978	8.10670855206756
1946.34794174976	177.757925559134	2.7255123659827	6240.17895104424	949.731394935299	4.61809316857313
2014.4256401309	166.742341147371	3.12911637345977	5655.52703262643	870.619437628223	4.54592211561736
2582.06094986511	197.903501163112	3.47775390073164	7246.18803419163	1124.86607794047	3.81665990725966
5211.466942395	343.73129354128	4.6998900873826	29264.3450996532	4297.22915006204	5.24277343126771
2977.90588926948	208.711259121902	4.56800820804285	10165.2567760199	1311.86073147641	5.10113251566607
2378.62011232875	187.217197224354	4.08070572048129	8380.4669372306	1238.0473130703	3.98169115013027
3309.52853859944	207.709682358943	4.19816168340726	15391.436080342	1193.18825259677	6.62048065009835
3255.78841212134	206.212481159862	5.02277038708734	13773.1918655012	1285.41007975381	5.43875576638058
2668.10155440277	211.11562911733	2.81836373122749	8385.51397584212	1203.55528431372	3.17281480744628
2579.67395914089	210.033429636362	3.34615160628887	7956.72335383409	1387.17207823839	3.64115392246289
2547.2924026714	191.009209496962	3.72922333822308	8219.89732728792	1090.764198629	4.25011752754817
2679.07428871215	189.831782691436	6.31696916757363	9084.01204183684	1093.52979259452	8.21647645488165
2353.8424139498	176.426338703679	5.1127162204517	6696.92628253914	1076.38459093055	5.61557999786461
2559.1482056519	219.603153925912	3.74155602151897	9342.78322866726	1777.40308256685	3.79176799156677
2749.29907346411	229.451928132287	3.31510516685992	8914.28943864984	1481.15008398613	3.67673737998509
3712.22707419943	202.58855147869	3.9165738485832	16305.6513826023	1116.16298369352	5.20025654988616
1908.88347031465	198.996839018838	2.65437362537159	4326.97133710288	1077.27230322781	2.58888685717321
2273.20415568876	192.232128558764	3.09965479846756	8150.46387102215	995.077748229167	5.71017103366282
2077.54154210168	193.97573292782	2.88426048909746	7409.03852314743	1186.22230748481	4.5265950261421
2703.85997778558	262.873758586708	3.0112001327054	9433.2796034974	2187.45321849082	3.95384066278834
2173.34758472145	220.340171075663	2.69127005286667	7129.97695671384	1487.38505554944	4.54628820310532
1954.23613153771	185.679222304175	2.44954266459894	5931.64512918727	1101.18777550552	4.21626492415337
2131.51970733849	186.153390396052	3.3952640312908	8039.44955888231	1067.35035935207	6.40715475161795
3442.90945469485	249.57319606983	2.78037054077056	14255.1777952252	1839.204483094	3.6501738125723
3957.61822384922	242.94677816528	5.16239140529622	18055.0108009842	1741.75063461672	6.0517908900743
2139.34199443419	162.17043123482	3.62934300838987	6307.70288154384	796.290785535042	5.58736650349782
2073.95574615166	214.220600287192	2.31930312787718	7453.31861716189	1409.37246966516	3.91368384091897
2609.30722928047	169.961058177539	4.33861113299417	6259.15488935075	790.834262787667	4.10007915977569
9956.82400291382	206.473499364575	7.7910790985895	71747.7884904995	1137.51790673456	11.8081103562305
3597.82389828314	201.283325516241	5.43363038882081	13049.4406840848	1339.0340481437	6.6166103815897
1959.04747154494	153.690068164783	3.20285278683384	5159.20747962251	739.297885797815	3.90185584248004
2350.15983363374	172.472618939787	4.39478053016205	6534.50496492581	901.951447367543	4.64175939617443
2697.8272127742	266.03786950562	2.6453037212303	10514.4448693789	2418.10660265144	3.05892461267989
2746.19619991997	175.186902122174	4.06322848622679	7609.2595872529	908.288449655265	4.07647001444368
3424.35174686941	190.86846493288	4.93702053225753	10591.2136360709	1186.18526517608	3.95628276852888
2607.54260857301	149.569514858632	6.81239469164931	5082.03859026715	708.760315827682	4.99967592033222
4257.06420756763	181.593604725752	6.53342025850661	10392.0741511323	1027.60146604561	4.93214136811114
3081.87990441576	165.526607534821	4.7675993483722	9097.87365533184	793.736149921266	5.75608466779883
2920.75799857018	234.558737804019	4.49321819448884	9365.84654475795	1714.39640351076	4.76058336971321
1994.81761464225	208.750998181307	2.458421394052	6431.71475396576	1246.95639547792	3.25707490631142
3121.06299050741	259.50748015006	2.70585892515028	15980.2518523732	1814.02526851355	6.56690032059302
2831.55562429235	185.32089303512	4.48259067606578	15236.1940869533	1208.15819225046	9.11852126029259
2768.25318446424	170.125095097583	4.56094100067822	6783.52411988682	887.6755214844	4.23654767160765
2046.17060231363	199.984315632416	2.90230015710127	5310.46769320104	1366.97486236081	3.34069919335303
2167.59947594351	162.230769131782	6.36436849871602	3950.29459194561	816.483336519973	3.42594429285781
5198.23844338909	181.309790225872	9.36104463874861	12436.3548171861	1110.30000287967	7.48703617842798
5280.96564923016	248.308562404108	9.33728339309348	16984.7156908657	1784.5487409448	7.04282805423959
3244.89950268517	195.367836403188	3.80346809450679	12481.9031333926	1140.93360088714	5.90675819493536
2388.6863437115	165.490875330427	4.72989833318916	6801.1905899783	829.838557391281	5.11975654723016
2965.24825259376	216.994629468681	3.63605044887096	12431.057040115	1463.74215398677	5.23916900312398
3037.75025218914	298.439869260406	2.32648547573003	11158.070520093	2727.01885558883	2.81226550580489
9624.20619420497	404.484093924342	6.89371612298265	78996.4786308125	4861.42958750768	11.2155568309254
2927.88065670132	166.802153286252	5.28074804298782	7494.91926310587	777.4030197845	6.42177090156353
2789.2834194562	162.136834778669	6.0354372206813	9043.61738801624	800.394621701382	5.17323393858199
4939.36790418345	351.759616663995	4.76615254867257	14825.7576425835	4108.85310652209	2.8680600412136
2309.41328249985	172.570075435162	4.3674949976092	6192.48489823381	971.359138436079	4.39315972345971
2515.62442125718	200.011231342383	3.40346902006328	7825.41017826611	1080.8502450234	4.090529208921
6740.23603828569	262.822243372397	5.65412122785914	26390.5644323408	2508.68664422854	5.55841257989607
4137.6306702273	248.875314748513	4.84848789251701	14364.7742879807	1888.54668880961	4.12204106576864
4110.86615203047	266.380176137187	3.89193011499078	15754.4166648046	2015.34664329684	3.60868976590994
4843.7588102984	298.047392960063	3.29779956011897	29976.0426689998	2449.93431983411	6.58547709222584
2518.837953483	216.570749723517	2.67511241938428	7363.78828909419	1580.84624390318	3.19039095124151
3106.50082666589	186.019468743742	4.30079112255544	8211.90180943366	990.524910270491	4.87710521034315
2431.37951392277	213.470264760092	2.84594384099747	10072.9111309391	1340.9772285577	3.83164829191119
2718.99726899912	210.333959107416	3.4593907262882	9749.96613235183	1205.82137694111	3.97124495567155
1463.47922057385	159.449282092065	2.53021058262976	3774.10607654463	736.261089007025	4.34127980749472
3493.66189670468	184.196414695237	4.21847504109304	10947.8598223998	973.117513537473	5.02295150298417
2234.80576776291	220.546632293491	2.57203044426786	7353.1984081759	1891.89058301802	3.49117574346632
2165.90193828522	206.94247617745	4.97892385110751	6611.48006675253	1251.37278637256	4.99809513715151
978.353312198325	151.845812651606	2.34257306275084	2913.72311525957	879.169166300527	4.57072487741038
1976.66994084513	173.593215749157	2.7787149473948	4946.99672787884	862.097635258224	3.36341562008992
2003.07716949787	180.802941261823	3.20730670417783	6819.15205642776	1036.25003230983	5.46583324834713
2747.84896001387	196.619385140876	3.50658111097734	9103.96991653927	1122.62507343324	4.29336290868834
2096.98445932228	235.69917769259	2.59601995837643	6138.60639835125	1992.2989825149	2.99731058914086
3923.63222184759	218.281788991111	4.42000519890423	13096.5277843594	1396.44728736873	4.92414719369996
3464.70384936855	227.883702260961	4.5582910510017	12337.8201462467	1464.17481941224	5.73043627240833
3070.51988140967	221.441632507808	3.24901244881705	14294.7711104435	1427.09815896494	7.9377020922311
1801.27368996524	165.640593821811	3.5660240996951	3082.26880191429	867.22836068444	3.22632861194075
3428.26716038705	189.354252169033	4.42111769020011	12495.7575136565	1047.83406775856	6.22677924810915
1312.56686441025	188.622117050531	2.37648596248025	3912.20134698442	1142.53826157401	4.77208221868434
2292.88989309693	197.489235440474	3.26985109702855	6001.14742116169	1144.33963098146	3.59095669300443
4484.13961680474	399.908051037277	2.920725124155	29847.9046339928	5784.99582726053	5.13172052489792
2377.68805925974	196.097630770834	2.97696402145626	6887.48318842308	1106.59124685797	4.00630061471221
2521.36242981935	288.679060123478	3.11543941124089	7463.58044464504	2568.49608227356	2.5041807440132
2136.50521411993	191.808336647072	5.14388904970348	5445.00802396204	1091.97922800861	6.42851790194136
2981.34425637416	197.419939452758	5.77303495932098	12963.2575026367	1282.55676779272	7.46324814849817
3694.40770874083	348.707968377281	2.7444301911137	19320.066128927	5123.84108730435	3.72702218147599
2972.99062936862	219.489276362847	4.75484826908647	8445.37428388033	1457.20292718251	6.31019183976282
5709.60887561546	199.131843785344	8.85921588020739	49732.1252915669	1196.13989902648	12.8707464179376
2568.96807963332	175.479109381725	5.5333572206762	8314.02564272012	960.730546007205	7.02167846486405
3893.93792687033	192.143828996414	5.5824035463815	13410.3092677234	1258.78928282446	6.80033850445462
3538.10145399858	269.252650453918	4.28949512643806	12814.6847587419	2048.79458893368	4.94896604258284
4752.16708999615	266.120619287194	7.48420485542817	34564.1686004442	2451.11090679005	10.6812353987974
3407.67378056946	258.994297182049	3.75468519163902	17796.6894998074	2041.37669023001	5.43799356950379
2420.12674902928	233.487122610814	2.52795576183008	9108.61782425424	1600.67636325549	4.03446307626879
1657.55755918454	178.896998246569	3.08226387944361	3720.41985755988	991.604162154301	3.41542191192282
4180.29125003076	243.708922067217	4.64642770520664	33940.4723797612	2012.51432537103	10.948587399684
2046.88694887452	162.631516905299	3.80258498420764	4384.93946597816	841.922480027392	4.08618232046742
3150.39930166562	273.695182462003	3.18828468165064	16552.7555080741	2261.34600195401	4.93997088928638
2769.58481738113	224.400548943243	4.41934393472933	10830.9539479227	1975.14906502641	5.09142400327223
1361.35027700442	169.798715022618	2.55600000667172	3773.65510989422	923.647243602252	4.09375992559436
3283.79851518265	187.578261350551	4.56208139844021	14972.6063847476	1048.83554790923	8.29121867593634
3274.95898672551	229.228058993606	4.62960350163757	11434.9207632468	1866.2935423894	5.30558288628855
6543.98635517891	364.029842380973	4.72046004974753	85340.8032133354	4277.54894342345	8.1409135474458
3490.28013896391	265.854212398451	3.80461451055998	17562.9308502159	2251.36901464385	4.22910504937411
2525.26447538116	210.38630302527	5.40744184718794	8860.85155311439	1656.00712428396	6.40720332082175
3114.12358943513	180.363055268053	3.94436201127436	8712.92274978468	1278.73695593084	4.12726126710798
2812.02506915038	218.956784660088	3.131922482821	9629.27783087476	1252.74252571006	3.90583857162929
2409.26598759019	204.170586580574	3.01801267592063	6831.32500092948	1396.26969077019	3.85024715450888
2771.41847049681	172.727062924053	5.27766801731506	9123.66841365312	901.928209939681	6.7237573728482
2127.92350830754	199.206077989734	2.62311276886293	6082.26864737262	1263.40081276711	3.65381216863592
2804.69981277511	212.685784441956	3.0084852780157	9581.76495048856	1340.46387631885	4.73739414030185
2643.68220606181	255.11495293257	3.68140826922802	8770.39143245506	2519.30593649087	3.07310851266885
1872.84685703122	179.299463737781	2.76827553799606	4639.84003680177	966.904991294466	3.99375413527994
2387.51464855841	186.236360282284	2.82440986613962	7909.98951268656	997.063347201702	5.14872856978906
2995.97734323846	228.519728825853	3.23201552486295	11566.5629369226	1434.1149343888	4.66718615429657
6043.7726205207	488.715103312173	4.56095853311792	36993.1371688359	7895.97662180265	4.89673282599609
2689.15823757948	238.27125751622	3.5237501230999	20219.6492143731	2551.50042531361	9.46271182427361
4190.44150161725	206.488072676289	5.54435157064783	36164.5708028083	1562.30726313819	8.39331543131932
1720.61666434923	187.266940357433	2.21401465104543	5704.92725977146	1343.00469141756	3.52383405770898
2458.94627771931	248.975537338569	2.29090795605599	9777.60666240888	1785.41050264039	3.15428179770841
2216.76039612631	172.324883861758	3.17417446565597	7618.92635879085	917.248316293179	4.46581926309916
3296.40420546149	192.351487779574	4.86989575363727	12744.1433293282	1057.4971769948	5.44360754426535
1592.64347976946	165.520578782361	2.46709294987909	4149.84788985736	824.503629125945	4.56969979925092
2068.24965931389	202.526106972277	2.82959111827261	6217.91218477822	1287.87876390492	4.56523955231289
2506.94658543522	219.43902426528	2.97029749053178	8716.0722424408	1573.07725231723	3.48125310251688
1933.21695290171	193.614295912659	2.79501920326323	6553.35572157661	1092.68386233073	3.56474197366018
3036.42912278587	183.23089457949	4.18215079403534	5977.7181069454	985.383338684872	3.17583939534877
2321.06396737379	180.054278651131	3.41052361927499	5122.11632428448	1001.35839514756	3.60051900942719
3335.27041135493	247.122527908592	4.27813424039257	8157.48487264481	1934.86091616915	2.77046999783968
1877.93781719383	172.893957414788	3.83586266510113	3951.35719469281	944.54326097599	3.6073703239652
1970.72510280626	220.17413661752	2.69952601665245	8287.47543956781	1508.92277856526	4.81432063999438
3840.32796899708	215.04897522887	4.59183221217262	26465.3387614926	1448.96852214384	10.2202140933245
1825.82720023585	212.594562532937	3.19966999896879	6689.01774157162	1383.45710341118	5.65349389831191
5912.40523937379	243.142080517363	7.89958774064199	45388.1843360242	1714.40789691159	12.3624694748799
4636.83125232561	308.779703223004	4.51132180629883	24917.3989697864	3408.54206057676	5.2492381521437
3793.25458544097	381.88705712935	2.36181821518471	17411.6674358745	5244.21044590263	2.34503820070189
2420.52762966508	198.865094991795	2.90295456208006	7832.65915968777	1068.30103690699	4.31793496898682
1779.92190549724	169.673117872423	2.62405493404996	5833.97890247241	896.297557141473	4.90695509429549
1808.89810169453	195.876762989293	2.68851604099977	6606.52446762116	1315.01532134765	4.59141379910902
1848.0496627365	186.09717856468	2.84479994493369	5109.45436647838	1176.34748400787	4.10297593142028
1998.2183473786	190.53401027832	3.06693246683055	8411.27462534849	1121.47904627709	6.49447270932353
2191.17853542392	184.926502156434	3.88851027661141	6707.1087661265	1055.63326213372	4.10816223313036
2548.45388403551	212.634265962521	5.09621173340541	9920.56660892329	1788.30060371796	6.03017777048109
2745.56797716087	216.097750730064	4.20064878837032	32495.2922780032	1833.57490912192	11.9056022270075
3619.41184752999	252.861561183381	4.71108114003901	13297.4891228757	1829.72291289706	5.16835442525254
2371.60157365202	191.278739727555	3.15662614075207	6404.76465584879	1191.80570190035	3.08318034923824
3220.30069531684	281.177188537584	3.32095118593715	17068.5179243937	2448.43520118204	4.85762610758596
6011.07693874973	276.290600670261	7.29307430089599	43766.6703942034	2645.66280433936	11.2787529814155
4058.79740343155	343.146740183457	3.80894450648211	19226.9391324479	3589.13813463481	4.03225247157488
4258.01261552625	229.272314714336	6.49213543969131	22584.9366431486	1549.0552614469	8.77241833657646
3293.5334975701	229.829718075414	5.02581589760329	12704.1973590924	1751.6706188897	5.59883266747866
2704.97144398064	298.982810668072	2.5513350148594	12869.580395344	2516.29013235167	4.76897728978565
1736.19148747623	176.998060527288	2.66886061023418	4563.74250544987	983.74045735973	3.39233861860384
1776.54152109433	185.217304275512	2.46221329856209	4931.75460475188	1056.23031937853	3.39126652167198
1934.09926030272	189.13790633667	2.70968920996943	4850.83461153378	1043.81669087242	3.34094953612601
2219.0045654437	198.582596124246	3.47621503618151	6533.40347307876	1622.3460338692	3.96065989996415
2796.84822914067	197.039976005553	5.8578910999619	9042.71346865663	1398.2654546812	7.56180887243846
5267.43574549633	293.805842731712	4.4802882346659	26539.0588935669	2906.13427843603	4.39849324448519
1805.42127877859	191.151670810897	2.75190511332185	4717.71491212644	1113.62695040805	3.22071222423598
1736.48103618697	181.685805194126	3.10694691721675	5551.77059736392	1153.17730201109	3.73599032322028
3159.68251792296	241.734757397651	2.85162485192198	14099.43941346	1740.57188276442	4.60100219048159
1644.58294352733	177.200986815614	3.13073025675411	4703.79276752112	970.642563126458	4.35937141854452
3654.23370752525	254.093756715718	4.51391826847255	14620.873696487	1854.03166940983	4.82346552907511
1404.16428106671	162.349412077311	2.49846663940859	3230.15285729837	835.568095623981	3.62555160125115
2190.9149270847	196.77801406203	4.24698953426456	6142.72170221471	1163.64802834896	4.44595840563251
2090.14352901812	182.309651176594	4.5616057297226	5210.43102263044	1021.41795652404	4.7403387275737
1849.86771537058	189.349321597638	2.83645572468343	5513.08671140418	1173.47936996322	4.28152037352204
2356.46322576051	187.567981247706	4.31559534110355	7378.3796613692	1071.7781502119	4.01465018866131
2201.21695440552	210.449123668309	3.09045193913737	7334.97288013078	1257.4072023123	3.81257049397826
3043.29499952469	260.171233960138	2.82782171961916	10137.0715094474	1963.20811589844	3.15499898979836
2346.64861795212	185.399176703781	4.03616436735873	6934.86811977591	984.350450575981	4.15353240162908
2269.89564714053	200.558948924617	3.75298014532976	9162.37981460298	1123.60795312847	7.15861067171021
2861.03654184865	208.764946078632	3.47863379589269	6038.34193181625	1150.0772621448	2.68675719308622
3217.70680982387	254.516871514938	4.50719205214087	11777.5260338183	2033.58173017809	4.42552816202497
2842.3377512422	284.388387364403	3.08922637936633	8062.92526714765	2487.38838188374	2.40046148997285
2108.08699558293	219.801507361454	2.36057365166559	5617.69769229679	1361.07107910541	2.74608271996373
2315.77244117369	200.217052320897	4.94008335443078	7135.16119618514	1262.76025651827	4.99042649343817
2039.17515365251	218.723248888207	2.89005251080561	7065.26899075895	1763.34445301749	4.00193590651211
1570.24492699483	163.367094314639	2.68361054480631	3137.47148323904	863.109466280605	2.55077472368991
2040.93812516287	200.384895627838	2.8710723627908	7640.8042205619	1311.67327840146	4.98854487631962
2987.8641317782	291.604449920624	2.38474968692719	11411.3799925049	2837.59120302364	2.62407338679072
3021.3041243268	283.013991929252	2.60149981510542	14329.9433209175	2732.69839997591	3.90434022800353
2002.97213322024	188.521189373273	2.45196313540141	6000.43178313911	1071.48389561312	3.71994395758402
2527.66995843664	228.056015789604	2.91794146421214	9734.55599072765	1744.39336518034	4.34630061237184
8682.92468005953	582.021111055035	4.90371358587724	94484.9037092639	10739.9819748527	5.65347791025278
2627.17594219276	231.929398551246	2.8152742245782	8275.00456241208	1656.8415123596	3.29483248781233
2188.24469877255	188.336509759684	2.62209510159956	5611.6865590212	1012.2845012147	2.62319417980278
2153.69632223609	180.40785423702	5.78830162265746	6101.72934613196	971.800343054001	7.52982504621559
2843.54570572141	257.429612365168	4.44284843199331	9348.5401545044	1949.24832332428	4.80488174567122
1799.44555947988	201.359594284767	2.31059358028088	4928.52311908742	1390.73582499455	2.44017537255082
1637.6747673713	159.081684474083	2.88259503635856	4079.09385129522	746.241167922036	4.40381475311212
1656.50250824232	173.732255669711	2.46752714904401	4247.72227523579	895.31120897087	3.58640755504402
1954.98064941367	182.693010797142	2.88668009900269	5268.64281898851	956.923012792671	3.4496006593882
3224.84528887333	230.512413044874	3.8303297652945	17243.676602548	1655.59610679626	6.04343661416223
3185.6153385271	292.444056254328	2.68384240228423	13989.0850255507	2450.50644439806	4.30725942362745
2280.5214662715	205.054353711893	2.81705716111106	5202.66204925886	1261.51897488922	2.77294641337736
2824.76996719986	203.648625672634	4.56112711761	7879.51161325855	1233.76542089959	5.42961001093705
4283.31869467073	254.809050451807	5.7838488841962	14279.8092005695	2784.64039524588	6.09134413302213
1641.62744501808	153.535810602844	3.04265337653797	3466.06204573946	653.163468800588	3.85249181013044
2300.63395106504	177.553257103493	3.17569810348157	5291.50656136656	880.273030416693	3.17288877229907
2638.28631674528	203.418443249947	3.22472105060119	8506.52429191966	1410.33015009314	4.15657327960785
2424.31230034643	183.009489906226	3.87585717290201	6599.31111532427	973.923233486869	3.70727599545494
1788.12794526091	200.159623397296	2.70979403031529	5085.74268975932	1142.70925382489	3.78107375794129
4441.91667866201	399.559096409891	3.51451335307549	34307.0692545393	5860.1786409309	5.11925065868766
2722.10860280202	239.272908121757	2.76053709037846	9709.93344162436	1811.27342979617	3.84988668329916
2542.29718950615	263.479782268303	2.1817084812188	10807.6461404053	2079.97540344372	3.30858449738656
4604.48052580249	347.974080912675	3.52326373496979	28287.6607817228	3415.41587156821	7.08472847335061
2162.47964711359	189.221544757772	2.79046611968112	5962.83687271018	1044.41868840505	3.55781125540327
3014.77605802122	255.683244803188	3.01931557436913	16721.392921819	1900.83092024206	6.88088908460054
3493.38286800977	280.938956568395	3.63988668705237	10399.8865908978	2508.3073164838	3.25636998459184
3308.07439594213	329.534656548673	2.62779356216983	16464.1077228261	3572.45015287484	3.04191983234801
2956.25892173782	278.420947616177	2.49415168669705	13077.2977082032	3367.67731578091	3.83357035669353
1443.26639838256	165.118311057881	3.04333898703845	4292.53824833453	910.262919562756	4.28685507630808
1900.28386893686	209.933263397645	3.54778645367206	6790.5479291827	1737.97701824742	4.94614966079375
5020.81837724839	279.72029852112	7.30929933152425	33233.0601686287	2098.48855413373	10.728508662693
3504.87994682305	304.176129468973	2.51929154557249	13377.9082966947	3074.60444886398	3.23320172629594
2939.02995337054	228.643229263859	3.71000948171117	11044.0659649416	1898.54033080357	6.46034715113801
6968.81288906358	313.540601713997	5.21720156803129	38358.3447913424	3059.08060907038	6.65407016893386
3019.10971096663	195.627774192226	4.49334209550546	11584.2318758585	1196.9399001037	7.32282755992359
2740.77189225521	203.276702680215	2.86693575626959	7768.18892405273	1213.58008428185	3.16515790003638
2828.906876369	196.568756648498	4.92991003556982	6940.43984285692	1102.33728179947	3.5369634360134
2493.25014687391	212.126020529256	2.76369584101619	8710.55379330909	1404.73008199025	4.25402251815225
3717.98643434501	201.010214900275	5.04225272313566	11458.2135091923	1186.87281875277	6.04509824482942
4456.44684508909	251.874711180067	4.40517433016852	21109.0823056051	2030.77739321228	6.00122500030272
2637.99674656939	235.410409928516	3.71537592512406	7722.58283858947	1639.94129609398	3.67735130936588
3589.1106258827	246.502269246904	3.36301477803882	15872.7066012124	1977.85706820435	6.38787651418473
1643.7135040386	159.004494581704	2.80079458528171	4419.47696745086	772.592396312368	3.86704961814925
1819.77902074348	192.189810824621	2.69751710489195	6526.515150155	1276.98715798573	5.21670601354961
2147.90824218617	196.9983913717	2.82464427564236	6764.77973858745	1169.52921945728	3.69892588422826
3133.57121989108	227.138991647663	3.07383427343782	9887.37619471881	1710.41097918987	3.22178985358136
2199.28071583344	165.634172513706	4.04205579734585	5578.76762266532	815.359079224517	4.52079059223092
4356.53363228489	251.804917658115	4.30272910961513	15253.1413094287	1732.0779914275	4.71375123513695
2773.16428938632	179.718947126927	4.23420515672369	7363.40845416301	973.398730881329	4.42978955576506
2722.07266139336	244.674611831428	3.17924936537605	11632.3627951787	1949.7662233654	5.599098025224
2246.33220438861	177.949243512908	3.83432890639615	5429.40003028652	950.00525034637	4.60136117304979
3419.85557785518	226.890861640535	4.40794420922101	12794.085648096	2606.75237252871	4.23189070574763
2030.90679239366	165.002333039924	3.57191292627249	6375.29915377712	803.503547214819	4.83501216643354
2352.61849743766	173.598415239086	4.38819763007332	6212.74428885276	906.528479905595	4.97840110795105
7419.37698123842	328.640815205515	6.4716540703553	56335.8139589355	3785.5197326315	9.80439855219592
7466.0526038389	472.043780427532	5.51343567387626	74863.1263334868	7796.08029958394	7.30898314666868
4020.71659461136	268.153702169929	3.04475029718375	18979.0788025818	1937.14688324965	4.01350890876726
2515.21022263951	193.287931647196	3.15542634409988	7707.3942364956	1099.50299548331	3.5232145948583
2791.65756132615	221.48262338228	3.06968131590853	7734.58054552588	1346.20650440818	3.00636649848018
8602.7418881832	471.716134371811	3.83250133517894	53871.2878184559	6621.49140506778	3.25330645596696
2689.57326678559	184.793541354432	4.45492165930732	7571.26095998113	1220.02383764189	5.12810099010366
5571.16429788834	226.433813336529	5.22059013510029	22271.1723274375	1327.81602595356	6.86268162383344
3066.56883808667	222.554160826947	3.60958075027631	10106.1969601713	1369.09253793159	4.17705000551398
4193.85027055479	273.783341298909	5.4941744449897	21357.178414746	2423.32560957122	6.4644185176987
2200.99427094117	196.992175642671	2.95596757141633	6272.10212300624	1268.57102414943	3.3404501958008
2109.15100347126	180.606038213292	3.09334836188535	5819.43720969886	967.23755189285	3.81712372270735
1921.56422691338	198.851221143644	2.63496815238718	6088.27247630668	1214.22954530195	3.89705147159634
5519.22593492041	376.926494359003	3.33817666924023	32164.5633313652	3853.60284531822	4.29433303066243
3243.530592429	238.595015968716	4.56701970786638	12998.0304565461	1631.23385714578	5.28818401136565
2566.61157226155	192.228664302485	5.52773886908009	9315.61043578273	1231.00348671898	6.59947689095204
3162.4931211568	328.94689202536	2.58346332797267	14542.0330997717	4011.72860122393	3.36988231408216
5357.76485633381	244.354162738497	8.53200203085474	47533.3926378353	1718.58748526199	11.6624007393718
2225.49628366374	213.448767406607	2.67733263670677	8975.55880187544	1503.447721118	4.69844184454323
3360.18119005289	240.402059691411	4.84359000130929	12481.3203234295	1714.27746771785	6.11661044500524
2334.42785835691	199.566309626251	4.19164831287437	7598.58370424272	1266.5949667134	4.84184347620555
3275.57457906421	200.052856809354	5.65370299048655	16735.1795449693	1354.93611273984	6.27450855259499
2632.60874891818	198.124594172754	3.61967237667325	6851.89102346572	1508.9263170001	3.16758067983988
3451.06735549231	308.922298055792	4.64477623560888	15817.2327447343	3288.06197241912	4.53005594350185
3241.94317602761	203.494775985705	4.97243072663154	12195.632379795	1279.06162842949	4.92717882974432
1930.08682723626	187.745051678246	2.89592100567193	9800.11916199744	2043.90165543982	5.05241671449054
3023.15510910827	253.062844711915	2.85216659699483	10051.9312886736	1929.23390194349	2.95426019903676
3852.17647515546	216.313880404556	3.52055692198978	14517.3504307165	1352.95406105662	3.76849561189193
4027.44265107113	280.509913705726	3.07920599020783	18350.2769568946	2315.99600095941	3.93944812723949
1611.42954746862	177.771604050851	2.43406152825975	4430.490636364	1013.92466270326	3.41479678503131
4073.33873962507	249.143098195222	5.59921250861965	17417.5815091601	1978.93566272891	7.62023022076133
2586.74663423608	198.249997350428	3.95117187162871	6270.33203682508	1260.25786712859	3.75129532919688
2524.2596108104	211.600301320555	4.36676012336187	7657.87514507141	1347.0216717588	4.5570589376882
4255.74165528782	271.707974937872	5.21535324663894	20982.7083436568	2321.29205670849	6.62173140827995
1721.51984558068	205.898776362938	2.6113636171389	4139.22143580821	1154.50228553176	2.50786662208729
1517.98223374135	170.023987944853	2.62626829777232	3877.98035057108	899.95324562539	3.76502981887501
3752.09566263163	352.729001729197	2.73844587232251	20174.2137080493	3549.28655890846	5.4120461403301
2611.06300298565	240.111244301765	2.61081719649688	8582.63890752146	1548.73592066825	4.81576046339042
2844.18784641939	246.880031624718	3.43443756971589	8812.95671780322	2337.39333860645	4.16764425055165
2177.34080801434	214.836400476224	2.32495407070832	5939.25650028434	1243.62723836838	3.34519897085111
1975.57592913044	197.797405714722	2.5734967913811	6008.95744640821	1229.28293373662	3.33960424896976
1948.40706347943	201.575216785987	2.30812871304689	4496.21427128126	1172.99532466949	3.20733253104954
1663.64378245979	168.002223687168	2.89949963090605	4424.35371992717	865.422194238373	4.46364149738129
4091.03389731556	224.450829035766	6.22690169463362	18946.0933100945	1536.1292146028	8.70828611380916
2592.13212934379	276.762893042496	2.64370309831408	9765.19504301069	2364.75562384538	3.46577584199068
2152.3565019497	248.343559242223	2.523551358835	6931.27895880447	1870.47110789896	3.20302261554674
1639.35872387933	182.649184306499	2.63038928190565	4186.24559596615	1004.64582973716	3.45100937875631
4023.75335458684	250.891357108275	4.63232141018498	13610.455407284	2009.25772521586	4.61918064955321
2036.52795229132	201.324080331268	2.74650838841231	5315.26782727564	1220.18930767682	3.21819052680335
2159.5757881384	245.609022890402	3.28020642901759	6081.73064633591	2029.07773747989	2.56951618859992
1911.01964912019	165.569541649398	3.6973020244138	4846.0991251381	847.847316511455	3.95646132251435
3296.8778079878	374.171108325347	3.4763401671213	14395.6120510472	5311.5812868137	3.01454094930049
2266.87462275837	268.144733827148	2.50311465697146	9295.92207616722	2174.49475072813	4.03491842940534
2086.41545602067	217.752602277197	3.12997889331601	7306.56253003269	1510.32950277508	4.25327584001344
1679.23994874937	165.997347123833	3.0749954313445	3775.40370330625	881.326750026172	2.98450397871376
3102.47823344433	194.605309091045	7.00525768932031	12910.0776417137	1117.50376763752	9.62957038302129
2373.04473750047	177.620252468464	5.32666265762813	7923.38510003739	1388.97368561995	5.53139180701252
4739.55563639673	288.727082224691	3.71136885685265	24668.1005581951	2181.32239727232	4.91741559402163
1837.57986064259	168.893817228204	2.94025093067885	4749.33927481336	921.792354966683	3.58117130953341
2726.85789133046	202.509752080815	5.1566491604529	9960.59716843436	1171.66575399256	6.54642720149049
3332.73135807285	296.986508623882	3.3504570026241	12279.3471251475	2722.90211329607	2.6147522948438
3962.19230784712	240.973506218573	5.45335257134959	14759.7661782304	1661.14740761077	6.43007494162228
3156.71542199177	198.82419371057	4.72362350806689	8993.40545846378	1177.13282693491	5.31025469877128
3038.897264526	229.152155512636	4.56274359836374	9295.38376930496	1579.35912644176	5.10088838054635
3201.88989728979	306.773197966266	3.07894684380731	11387.3310826333	3877.28635076273	3.02838813709765
4005.66734116812	241.066151632164	4.11275650922714	16037.8612570391	1763.09402279835	4.41362530939828
1751.53677941172	172.925902263982	2.39757264670235	5032.2757990109	915.317392086139	3.11270201534124
2519.2523634976	215.518195863576	2.8217031963292	10450.2870590728	1344.32903131715	5.84347857033101
2092.76705515813	200.702762526266	2.87200064306358	7129.01769416075	1333.89331038721	4.09082363949788
2681.01354069079	240.96853523594	3.08164016962272	12719.8560221745	1793.60588860746	4.41312919589825
3943.06974879348	232.172909393753	4.17151687448407	13665.6564561134	1438.98093378055	4.19341279204434
2613.55104727209	187.69190923853	3.34716324666433	7882.64359311673	991.181265146762	3.94500927686008
2606.31182473233	263.914596022216	2.30870206742309	12343.5810848751	2108.15389632176	4.36982128176839
2158.49050956054	197.61463028332	3.28823608791592	6199.34921844678	1245.17604601438	3.96465785592555
2356.04427044096	202.104716979005	4.70891702448433	6337.04817117307	1132.22032838337	5.47452171511225
2605.85309226421	198.584710027569	4.69242566429028	7606.23558158953	1222.99367015158	5.50487465470146
2553.41121145642	206.758182768099	3.42493329920792	7129.02833864296	1195.19656742314	3.59706177593911
1454.22474902563	179.092213691746	2.55369686915664	3423.13516969499	956.178866170283	3.6259547306457
3770.09029940606	325.876876786145	3.15971789571469	19230.1308370883	2934.58222756387	6.71061463385698
1611.93271065002	186.053909490214	2.24504026828978	3682.69652526718	1061.75191643381	2.61896608850705
3765.24341631396	305.210895609146	3.08475296356506	12882.792282026	2883.718690568	3.1418763817661
3074.67113966912	216.76051873531	5.07737366546328	11638.7629002475	1317.44483788644	5.59356105254668
2415.45198683882	222.286822079434	2.56460442383066	8799.93936978774	1447.05792774268	3.94226293277548
1849.11709650305	177.728238978817	2.55694822901338	4155.86265246328	937.745519385864	4.58887981208032
1648.30113608764	176.423805521915	2.5348113213005	4455.65658187336	959.313298230888	3.96336736335968
2515.26454208807	277.114285977621	3.17876079956268	9831.54007678666	2263.96579505238	4.6077284423503
2530.17639618978	240.810207816924	2.70750302319641	8697.39871537033	1806.85530733622	4.03101747274524
2248.93164687893	208.870032011901	2.93751713830521	4758.30607517686	1145.26669173629	2.40306246622526
3541.46127361647	280.425997831675	3.06430869588535	16768.550183071	2415.52652205056	5.43811318755373
2571.45099522929	215.826190582262	3.4224548207218	6788.25312413839	1413.56553539785	2.98475185060843
2158.39611052219	188.891444309105	3.30028484276281	4158.85884736835	1155.65709154961	2.47379585317409
2267.74057981033	220.50415961664	2.93255154331658	6544.11878335645	1569.06635804222	3.89830840371831
2056.1333987664	183.999856244614	2.98726545384828	5241.41185786186	931.143553538788	3.82167894275687
2005.19308392174	159.472171845389	3.29163047445167	5218.16831520345	784.342623620596	4.39184565553211
1880.38121878133	174.778826435181	3.57683423979629	4437.81950040293	943.660873638927	3.57205210398756
2636.10256844614	211.33412958642	4.05752838856439	7014.54904784059	1509.24073458025	4.28843834451935
1682.99872782351	163.165163061675	2.3226954812567	4584.12049672152	834.389096455316	3.96750485375136
2743.89100407257	177.7659228298	3.34540496815717	7050.41495656772	976.435822320969	3.52450904882376
3923.32745055797	228.250213326284	5.3653211620003	17491.3272947542	1482.97928625442	6.45732090535287
2835.42994514381	202.477019101237	3.72759293919031	8930.2000731196	1257.07929463922	3.8059005872017
2256.15059864076	162.81988021005	3.0853240043758	5833.13087177589	782.874200310804	3.9057113923933
1843.93676349814	187.579714132056	2.49713321261771	4474.90690299844	996.300234122998	3.38750432450773
1502.04929316676	164.873724118591	2.55105551675381	3874.10581268173	928.379660984801	3.74533378760691
1463.83874755302	179.17917559155	2.47624149437805	3262.06281256168	1029.46166290397	2.6849144325333
1662.92535197658	195.620191703918	2.23221993811636	4194.78735859596	1214.09565878156	2.66820990013328
3451.07885683944	284.456908365524	5.35600532855318	16225.3276083968	4561.9322572156	6.58997908966107
4430.98604489759	273.96814103653	4.01077268065579	14235.4952477452	1988.47170500165	4.21963262700664
1946.13259872606	221.51194081576	2.44266406812366	6153.50179588185	1434.3630617046	2.87465000604625
2039.90197061588	179.851339464473	2.66221187913478	4516.31998350552	925.811771474431	2.50302296460327
2190.82061289433	225.454734030221	2.47245930798425	5435.70767329834	1517.69568746301	2.26593286992213
3119.05028716628	353.348065524144	2.28088114920717	15355.4565050414	4805.88795301636	3.25422481283712
2421.71938570682	255.201294591424	2.64376581338148	6437.46365236772	1679.7811218793	2.24386863921211
2390.08607033813	207.405943010837	3.69777621522665	4971.23705188374	1290.75648576892	3.05217822624394
2099.46279500376	214.858407747449	4.45566485716827	5162.80830588091	1530.29473566851	2.53879392295653
3116.32810164686	267.276409564891	3.25971399502294	14428.1656727259	2229.53525336862	7.56776076468867
4293.12110370052	254.572904093754	3.83926924815201	23940.924024419	2572.51414719826	5.36995731747311
3783.6401222239	297.945069882512	3.3487682021385	26130.8591099826	2909.36329082983	6.06746001886697
2219.02846384871	205.286044305093	3.30162198083601	6145.557748341	1221.95911165788	3.20688473898889
1714.55268814555	179.905060171338	2.43474430443907	4333.06429642717	1085.70734789436	2.983373637076
1424.10030225187	167.327912618982	2.32044621014539	3721.03573589443	857.149407333847	3.19706046318518
1934.64922684491	200.1045391517	2.50699532286981	6226.49556040124	1906.83001480989	4.28499070533219
2073.69980282964	186.253452863871	3.35611862309471	6320.02054842141	1037.86215081867	4.40846029144863
1896.50708562346	179.288853814303	3.28076516404948	6905.85363148535	982.336084112689	4.59447300051631
1623.90811626305	174.301536141109	2.68853638178417	3783.74209238339	931.593865328835	3.74470093647845
2301.38316702763	204.350467788928	3.26424416863156	5842.77407371276	1283.50591429705	3.09079712656304
1638.01033382174	166.235458841237	3.27170297360698	5523.30152142253	864.07029718863	5.76504226837935
2584.51297052543	258.029223107336	3.20095391129419	7840.98311335958	1942.92155135274	3.40600460601339
3293.61988305176	246.061183274461	6.05386296202124	13377.0512881377	1830.73623539425	7.81043016138886
1434.28681824213	157.887205301666	2.38527990586393	4338.51384048285	776.584473648576	3.96133528589963
1676.1729133876	197.135974530479	2.12968206868192	5897.46982141821	1154.14966077359	3.95551915785063
2718.5099050129	284.141092689282	2.68621742603729	11539.0921463574	2669.91783253997	4.00980158594254
1981.24918949491	203.286455263947	2.76271913439849	6887.32206368616	1287.12477590837	6.33637858719972
5015.25712781427	290.000953742323	6.88018904853133	31872.5542420474	2608.84723628196	9.53177655947802
2024.57356385494	186.023600966782	2.65807273337143	6497.90489866918	1047.83126327548	4.28918110583477
2597.0360319325	260.913886597247	2.89934166998095	13076.2113788296	2616.26104745377	5.03172676581153
1816.88516246216	168.015244761207	3.65144867027936	4602.62517854442	826.068716402115	4.24014397588824
2507.29121072099	201.094552490058	3.35850740126614	6522.29273793631	1090.17325145904	3.55893814559891
2231.22325927244	242.36536421634	2.51274130582538	8515.18200567811	1633.53655721891	3.84787226388092
2515.91304698243	233.38899556732	3.907193372412	12004.2601763398	1556.70977515285	8.75596776878483
2662.41259575719	216.312910669126	3.10233423637117	9511.09142554437	1284.59565088109	4.56524457375636
1933.82352384001	224.982571064224	2.62464201360356	7086.53116354217	1774.145744031	4.3047661603808
3056.66419756518	224.000018621821	3.65618548305807	8613.51752291028	1580.55643943649	3.75442634190041
3486.90968929908	263.969369278823	5.84971241616333	15459.4635539524	2072.75719976317	7.81545503056439
1543.1154888699	176.872882649958	2.35487521901615	3901.44304111291	977.804156203757	2.93113557706336
3278.25536099736	227.81871614334	3.15868198025752	13468.6339242503	1377.21370830361	4.42946041240842
1844.38431843586	208.077947430748	2.52233064743919	6909.76669996257	1493.27140204694	4.00500733727355
1915.97949969721	183.932204533134	2.52859401091856	4912.25859154388	986.154768617533	3.27913012829448
2728.37588798444	214.106112051287	3.95342051095088	8428.40665674477	1446.41550497027	4.05639611753347
3073.60677829603	179.169386477568	4.90728533825598	10074.61801353	978.087005009638	5.63400402588219
3147.73001662366	199.97129618893	5.92808776283813	12309.4625236781	1307.21330058784	8.20503558517573
1878.29028500088	158.903544556128	2.81881534624846	4612.98781001612	689.589139844769	3.75121866417246
1629.11587020876	178.571395370934	2.39427163265326	3822.81001883958	1037.58437373642	3.4023508861726
2024.10125596099	200.013084770237	2.876051542923	5579.65580008853	1279.99762543543	3.54471253697571
4404.79585052025	270.291615927435	7.22666805027454	26739.9854536624	2111.83380669018	10.0210008354568
2247.16063697213	189.45148340901	4.25595748208433	5858.69134355123	1031.96192278504	4.68619846331357
2683.89416039879	241.418527756432	3.44618758110565	12771.6279735351	1769.2459387371	6.07264436050256
1518.26137090169	157.224228791579	2.95355379401037	3288.2588494994	781.441461703644	3.60248365161357
2546.10336061462	262.15244249096	2.74130931102999	9034.36804498664	2469.02325364396	3.25270237434407
2833.27929767852	203.099783990292	3.56746514134217	6678.92012539835	1099.73518845073	3.11710771389917
