time	95%HPD_lower_value	95%HPD_higher_value
2020.88936783115	140.630438555928	305.212203553618
2020.89571134988	140.602891820735	305.151419364097
2020.90205486862	140.558076799481	305.082111261383
2020.90839838735	140.513426149583	305.013002326253
2020.91474190608	140.474436484333	304.957144717201
2020.92108542482	140.463051738499	304.9676379372
2020.92742894355	140.448070340602	304.978049934688
2020.93377246229	140.467753281045	305.084724990861
2020.94011598102	140.513183835455	305.262906868978
2020.94645949976	140.558551304075	305.440781640852
2020.95280301849	140.603855820546	305.741534359086
2020.95914653722	140.649097518278	306.509516726108
2020.96549005596	140.694276530175	307.276666679073
2020.97183357469	140.739392988721	308.042985191668
2020.97817709343	140.817062024697	308.808473235531
2020.98452061216	140.904879729331	309.573131780447
2020.9908641309	140.992567646727	310.336961794178
2020.99720764963	141.080126049692	311.099964242649
2021.00355116836	141.26702188509	312.009451275969
2021.0098946871	141.979128980868	313.69538700916
2021.01623820583	143.034581157068	315.813648777651
2021.02258172457	143.40631501274	316.475715767438
2021.0289252433	143.40631501274	316.475715767438
2021.03526876204	143.40631501274	316.475715767438
2021.04161228077	143.40631501274	316.475715767438
2021.0479557995	143.40631501274	316.475715767438
2021.05429931824	143.40631501274	316.475715767438
2021.06064283697	143.40631501274	316.475715767438
2021.06698635571	143.40631501274	316.475715767438
2021.07332987444	143.40631501274	316.475715767438
2021.07967339318	143.40631501274	316.475715767438
2021.08601691191	143.40631501274	316.475715767438
2021.09236043064	143.40631501274	316.475715767438
2021.09870394938	143.40631501274	316.475715767438
2021.10504746811	143.40631501274	316.475715767438
2021.11139098685	143.40631501274	316.475715767438
2021.11773450558	143.40631501274	316.475715767438
2021.12407802432	143.40631501274	316.475715767438
2021.13042154305	143.40631501274	316.475715767438
2021.13676506178	143.40631501274	316.475715767438
2021.14310858052	143.40631501274	316.475715767438
2021.14945209925	143.40631501274	316.475715767438
2021.15579561799	143.40631501274	316.475715767438
2021.16213913672	143.40631501274	316.475715767438
2021.16848265546	143.40631501274	316.475715767438
2021.17482617419	143.40631501274	316.475715767438
2021.18116969292	143.40631501274	316.475715767438
2021.18751321166	143.40631501274	316.475715767438
2021.19385673039	143.40631501274	316.475715767438
2021.20020024913	143.40631501274	316.475715767438
2021.20654376786	143.40631501274	316.475715767438
2021.2128872866	143.40631501274	316.475715767438
2021.21923080533	143.40631501274	316.475715767438
2021.22557432407	143.40631501274	316.475715767438
2021.2319178428	143.40631501274	316.475715767438
2021.23826136153	143.40631501274	316.475715767438
2021.24460488027	143.40631501274	316.475715767438
2021.250948399	143.40631501274	316.475715767438
2021.25729191774	143.40631501274	316.475715767438
2021.26363543647	143.40631501274	316.475715767438
2021.26997895521	143.40631501274	316.475715767438
2021.27632247394	143.40631501274	316.475715767438
2021.28266599267	143.40631501274	316.475715767438
2021.28900951141	143.40631501274	316.475715767438
2021.29535303014	143.40631501274	316.475715767438
2021.30169654888	143.40631501274	316.475715767438
2021.30804006761	143.40631501274	316.475715767438
2021.31438358635	143.40631501274	316.475715767438
2021.32072710508	143.40631501274	316.475715767438
2021.32707062381	143.40631501274	316.475715767438
2021.33341414255	143.40631501274	316.475715767438
2021.33975766128	143.40631501274	316.475715767438
2021.34610118002	143.40631501274	316.475715767438
2021.35244469875	143.40631501274	316.475715767438
2021.35878821749	143.40631501274	316.475715767438
2021.36513173622	143.40631501274	316.475715767438
2021.37147525495	143.40631501274	316.475715767438
2021.37781877369	143.40631501274	316.475715767438
2021.38416229242	143.40631501274	316.475715767438
2021.39050581116	143.442220066513	316.562346903613
2021.39684932989	143.494797884164	316.690009846496
2021.40319284863	143.54555478753	316.817852131734
2021.40953636736	143.596384804349	316.945874144043
2021.41587988609	143.647288089936	317.074076269411
2021.42222340483	143.645813213742	317.202458894734
2021.42856692356	143.539027400443	317.287653819541
2021.4349104423	143.522800830139	317.079953429836
2021.44125396103	143.520057592246	316.922076951945
2021.44759747977	143.519680298766	316.772507545805
2021.4539409985	143.487260890618	316.725766345971
2021.46028451723	143.437467855807	316.573391516496
2021.46662803597	143.561629239563	316.597770189919
2021.4729715547	143.743719047134	316.76835315981
2021.47931507344	143.925785848149	316.939566429691
2021.48565859217	144.096740764352	317.108004731187
2021.49200211091	144.264694611162	317.314405483589
2021.49834562964	144.192067983322	317.309003704074
2021.50468914837	144.262444969489	316.553565093405
2021.51103266711	144.595950874103	315.456578336241
2021.51737618584	144.674597666693	314.504455075665
