mean_branch_dispersal_velocity	weighted_branch_dispersal_velocity	branch_dispersal_velocity_variation_among_branches	original_diffusion_coefficient	weighted_diffusion_coefficient	diffusion_coefficient_variation_among_branches
2223.1771981513	738.488448724707	2.43871953397181	24656.8883459323	10787.9609142191	3.97995568884682
1116.08865085618	370.112387205736	2.44950439323677	6337.04999069384	3422.11848179481	3.89361262241872
2234.61018873053	729.208362909649	4.69915606734574	21123.6952546833	10273.4906613633	3.21291125654218
1219.32845026348	440.0171605979	1.91744078420433	7587.52051007235	3568.81511221942	3.08290714378684
1184.78549399285	398.021458630077	2.11895846960849	6842.08306528537	2929.57059057558	3.02074831095802
990.005279764574	354.008598669354	1.97222981402132	4744.67360582596	2417.21116587682	2.78907610714009
894.156364569733	330.736408880263	1.8874207591884	3955.84340293295	1952.01934588939	2.80462320771671
1508.67534607263	524.651764412051	2.45828450248377	11987.0317284005	5348.93861297858	3.85058098805642
1557.93028580551	544.021443210271	2.03684362414279	11276.120376418	5799.69496510508	2.39145560018473
918.185516732069	305.588015087933	2.06303937418051	4632.40808541048	1889.33201825009	3.01065726541902
1425.94072874875	485.905119991875	1.97832393672742	8553.21623390157	4089.92942543836	2.08648800068079
1364.88776931998	416.692020890629	2.73913286581537	8320.72341232949	3182.44902052552	3.25187439433058
1952.12822226022	597.662172688448	4.86023233124376	14904.7501487428	6362.02375119311	3.70259672197455
1027.68417206368	375.195594948077	1.95934917704877	5550.06362146434	2667.98353787218	2.65655686345727
2297.06724457891	819.265201881349	2.45405958653969	47652.0458479479	16694.6471456582	10.5660539799626
1358.00948805966	454.491464394462	2.28146172187	9431.66586951621	3880.24859372085	4.11122245826025
965.894232724587	348.381440311378	2.05550418507611	4387.22263928087	2296.81382845823	2.5229667255931
1363.98360811179	493.488526703571	2.07774243138851	8685.7804064639	5467.81917891956	3.12837230259218
916.09808638756	339.828290186612	2.23574425100875	4506.75569365146	2662.28091008467	3.04138434692394
1250.61190930054	413.866288179123	2.72113122491283	6826.9830099772	3532.59142712198	3.04960105058079
928.375846772307	313.660844848661	2.21298246413641	4574.89500753162	2017.84228553284	4.16979518236411
1087.98785677678	392.125226818689	2.06968431463776	6312.75556143019	2816.08781118688	2.92802308402764
1798.63445518584	580.332148970739	3.2479355499729	12603.4593914336	7340.2430277251	2.47895704427319
1485.24220952832	507.604086861688	2.62693671446754	11568.4046502261	5169.67973082067	4.03294001843126
847.100274971779	295.38395116493	2.57804878330658	3782.81333913034	1772.46572776326	3.52397622599336
1024.43969812923	367.886558931942	2.17455703084281	5954.21146506927	2669.04251956146	3.80121023005086
923.934869908225	330.383862876625	2.08185951135627	4322.47457458689	2168.50011916471	2.71772744878371
1092.47118930057	426.897131683404	1.78655720945668	6713.2593973787	3939.73841507749	3.77588810786928
1690.27164200453	534.61897042171	2.35186443175068	12505.5403111818	5111.19618451327	3.8377161961205
1118.57741525814	371.568612867469	2.62053369505384	5701.41602591067	2492.42936971262	3.27327530204772
1611.50042683571	475.835637056025	4.98696157970221	19343.9611359707	4684.85243390131	14.0245441893039
974.431356077353	374.141219369364	1.85385448920395	5114.59176319722	2668.45368928034	3.07035359663704
1114.01245448976	398.547707428089	1.92092820805133	5779.02706650855	2852.05969287578	2.36424099636056
1208.69890409141	349.2396101834	3.22661137411247	5359.5276372159	2352.80137506518	2.75958181189297
1780.65128584438	550.135919195474	4.29720764794797	11634.3604742093	5578.00218340337	2.97960162300179
974.040217337189	346.850021396316	2.22896623398354	6021.20078131244	2306.04402195215	4.63939460013973
1187.9770276407	389.272936612841	2.28302287164213	5612.79277776266	2705.36461663282	2.41884338625132
1134.76902016926	379.092992447195	2.17205805853145	6292.28623536447	2563.87449576296	3.23393976468719
1375.77852398516	435.15021305231	3.86635888431322	7830.04463881056	3657.70395543794	2.8900541192329
1856.75478050579	649.731255279625	2.63459749032407	19628.9895722652	9353.28725689337	3.85382505598804
1155.97746925022	408.218629203181	1.94366928453893	6633.90988753672	3074.13365312635	2.91844792482815
1257.16504786806	375.295471175043	2.90016486257633	6562.00168926382	2560.92987766981	3.24839603165247
1169.32619574107	373.037296689348	2.78625909234243	6294.1610156051	2860.0567787927	3.34118222196934
1034.57817938532	354.096010516877	1.92979461618329	4946.05581638054	2312.84188323487	2.92907319399761
1667.30537533703	600.184746979139	2.35126365753927	29829.1059576907	10867.9843744468	11.1667337107772
1021.79910011796	362.207724895435	2.16338590395582	4803.18639225154	2500.44940176907	2.43823847410284
1560.58830717189	514.933907974109	2.44024991597938	10484.6114009019	4766.01326825053	2.90277709410461
1069.63124082005	340.219231551969	4.60396958076235	4659.47121746177	2159.93961622166	3.33183639662979
1220.84154657606	379.447322480086	3.06596853739908	6899.35353550199	2747.9286605928	3.40115501930602
1509.32133790141	472.865061368579	2.76127864454027	9557.8366145459	3963.19882266645	2.95837930753229
1000.65357767016	302.688943680302	2.61327125127991	4089.64441303457	1789.11133924888	2.74598498600032
1134.90006552847	345.545022034462	2.50068521468739	5050.37087833374	2118.49362989794	2.53179131859297
1575.67832648003	550.355805666262	2.21748913197087	11448.3057019072	5353.16648544101	2.27059295680522
1795.55761745027	608.588494276765	2.2281865588749	14564.9927035398	6629.52581379389	3.04190769301114
1481.60209986685	525.735347554125	2.23892253907263	9605.87220696627	5126.56551515872	2.60366199865066
928.915068958032	329.060327535479	2.64041229939359	4651.43529912513	2174.56848939343	3.57598441672411
1273.73437546167	442.534472874442	2.28688024900924	7792.3872105881	4029.1858232333	3.28976576181035
839.35009978762	298.038859642303	1.99079854339287	3930.21926293759	1891.7991575435	2.93656134237393
1750.98681495104	481.853945973529	5.82117297058106	9587.31090769155	4106.20421070024	4.16188227885471
987.009484044611	371.64091367942	2.08746428068681	6051.16686415277	2809.06157038484	6.03504831461574
968.227224488108	333.73613292543	1.97993370046301	4971.4289825587	2104.61776011707	3.09411248399903
1452.21605032713	467.579443756137	2.25537719423006	9355.31934768245	3649.71558808291	3.29923368734884
1387.82022543232	469.753634586926	1.92585544859584	8463.48841413446	3920.18029171057	2.48857861987104
1430.37010860534	457.944548533236	2.4874919092307	8632.25956659167	3885.87805628944	2.64360309823268
1343.43042225181	426.119850567932	3.10949807409082	8444.64016107696	3475.58360090027	5.15420956977384
957.976695546787	368.573307412691	1.8351215950514	4538.24861279092	2563.47990886558	2.24889716364469
1135.3134891895	379.677103745228	2.29131344564847	5505.4068125871	2707.4145283914	2.30765940465118
1256.86994913116	437.996438797394	2.17363833183093	7332.6289120568	3507.99384929535	3.22861237022148
1778.13013350557	572.935589727383	2.78229815993182	14494.0007695114	5754.11482786643	3.3513359092387
1456.94826132187	461.317848573419	2.82680059743128	15142.3518221558	4725.12809623086	8.06203306672081
1059.13535279104	373.419699166746	2.224049678804	6698.53024286028	2886.78405392274	3.442938021059
1530.51987803973	569.654340078038	1.90332433312239	13686.4538075454	7460.88973110933	3.04854715887934
1142.80858226474	393.730064072298	2.16914714369155	5955.36846034811	2782.23798569716	3.11485689454966
1318.87815283232	475.587370809553	1.99602637715477	9923.37876867349	4216.107993446	4.40228191893656
1227.23905807119	474.00409634921	1.7339547714293	7732.59193588352	4071.54166590085	2.20443016948501
873.820161926917	304.588745202049	2.03811465927382	4186.75370218877	1851.575238892	4.25294292823905
904.863734001768	336.729662897466	1.89877526449408	4353.74147976228	2091.25124967287	2.74621542818185
1145.37289729051	418.265941871231	2.11185094104579	6453.59801862342	4125.15456377431	2.95785581545268
1513.76960755658	555.152830501516	1.93286817975895	11423.5909783567	6471.70083030007	2.47651041731018
1235.40024763552	400.654843912815	3.89590838308311	7882.12633464105	3345.98374098278	4.27044063880977
1451.85996636201	503.841868024782	1.8674283101806	11259.5842039003	4659.35509742175	3.45866946103589
1243.09140477469	399.80700863546	3.96710671451396	6762.91676800455	2793.9352873253	6.14268542824258
808.983029564	302.579907477035	1.88232731615409	3450.70300075204	1714.0343220348	2.74304393071183
1337.75107419446	497.550509946757	1.71380510138607	9503.62319801655	4429.99284809153	2.8234217652376
1454.60390380928	476.884655480912	2.66546584889903	7672.4046451608	4015.47036422149	2.28304308345808
808.394688481367	296.649955181716	1.78777773609382	3668.99681078336	1802.03097713273	3.10287855880869
1381.69463885762	500.744479738906	1.75788937069916	9120.50057014864	4451.02057679379	2.32120859651271
1418.41690851566	466.52480317065	2.13826169873076	8302.51427146725	3759.4573799349	2.34201175609967
1470.45830378897	532.392426105547	2.69318491316037	13370.0584304811	5449.44448346699	8.65794046137495
1078.91840204143	392.322656260554	1.99073946500856	6115.66425546348	3143.77448446313	3.20851453952827
1155.56847287095	369.795216233294	2.93716008664359	6026.86254384414	2620.27744483399	3.03447609477345
1055.31652628821	376.639285055352	2.19325557437866	4555.8067062486	2538.6919891278	2.09197935429457
2031.28013441409	677.822496101439	3.82875267415256	29119.1593906866	12343.705020773	9.77326438599021
799.511864809947	274.38428888705	2.48532342014723	3182.17853352128	1516.99358847289	3.14177493081097
2112.34237920539	626.268388834297	4.94380424762774	16508.1515197567	6871.64978777452	4.40679264685006
1486.03287194055	543.165094295295	2.15286515079682	17818.7712917727	8023.35785949806	8.93929773069429
1250.70404190116	402.452465471379	2.09826001553258	7019.51548257274	2852.35888025422	2.69007293785864
796.218071502726	290.498082726057	2.07403178233827	3438.53815985051	1807.71394125435	3.04898853433504
1763.15308165959	582.020313267905	3.50737624952992	16004.1250033647	7334.22097774981	4.40054110255202
1255.18597619949	407.655457994039	4.95125948555838	6483.62358491811	3869.97763785782	3.45855524569033
1658.50622508401	505.334998309678	3.65306610728488	11143.7394185079	5296.54280010698	4.16357638365143
1205.98994087565	407.353422906297	2.4587764146315	6068.13915429026	3136.70149195214	2.54618982837386
1202.00163599962	450.149633646806	2.12358066956813	8010.48659063591	3911.02337880147	4.64610862072632
1026.50951633562	400.755238923735	1.89302919725546	5677.53490635028	3183.37248128868	2.58810998270615
1655.21405241342	435.439119134864	5.09573430347534	9353.60192826063	3232.93191831688	4.3537682804244
1415.9874298057	401.90815887538	2.91433104772658	7643.22083760885	2845.88766451084	3.42435578595543
2059.60521644299	653.760908667566	2.881220625158	17852.0572300711	7598.13824168772	3.8190330830288
881.265139419168	309.753085127786	2.79085100817763	4838.91616751116	1880.30045084486	5.21476264169762
1773.50890855398	532.111031637516	3.51505970525715	11690.1517719758	5392.35443536869	3.44217506058981
1118.49570586592	358.937247536106	2.86737302154786	5446.79815833636	2394.09265346221	2.96257244181793
2732.11888635979	562.615649405097	8.93179907886905	26118.8060944721	6102.0858006922	8.75893965772835
827.259510315363	302.148756258215	2.04115327143689	3745.84615445394	1761.85204029796	3.29784499501385
1499.36753398964	513.212695451149	2.13899588048829	10476.0588322028	5317.57612822106	2.70594470360529
1103.27036213744	372.403964437313	2.04653770228363	6083.08602567167	2647.99955291615	2.77996234516707
1122.14151327797	357.108667169318	2.52607377587523	5265.86738767632	2348.03758337529	2.86917673048821
1535.24342778849	510.708686642998	3.09945128372108	9271.89040106262	4693.43805226177	2.22453737245117
1224.40474099361	481.575990544828	1.66929124713033	7776.84544281034	4294.67726619004	2.29229907939721
1071.34967872183	411.483577055561	2.00363882351131	6972.57093375416	3341.21494130704	4.1623242618155
1030.3725340773	357.171342764698	3.42789587190767	4708.79422687149	2449.9757046326	2.6553578110799
1805.23231331226	578.142424678684	2.45015835342834	13927.95793592	6545.33764922987	2.83222057168732
887.565509837188	338.405276285926	1.74686055495447	4271.32404428426	2194.54523666087	3.27253464509745
1185.08692975607	375.541837515353	2.28202899997907	6101.04190531016	2542.31117849821	2.60075787173292
1677.22918004751	629.657502083487	1.95921820509255	17122.1583829928	8094.84942427791	3.88844915887172
1307.59083651158	372.78374580411	3.13688239301282	9918.83846455022	3199.5614317625	6.07756173661657
1183.23251427567	408.31225132174	2.40143322486238	5804.75788332903	2935.84872640318	2.50688894856264
904.813256888247	333.24614826763	1.96350361202534	3972.85985385369	1990.03505005281	2.45838243318056
1207.19358404777	423.906884562365	1.77794323730114	6970.964499873	3398.34491975926	2.32389767859242
1237.24702047453	377.588307832362	3.55151618051881	5469.27110827283	2542.44171251747	2.63904100509937
1323.03797572854	406.537148437455	2.87935887447117	8312.88906292916	3132.02649785299	3.77634900612582
2089.59705043666	522.614815376501	6.31538278690681	15254.7161255629	5589.43184122732	4.92758307680892
1150.75295140974	368.0940381072	2.97233482426336	5518.67784144425	2639.51851109952	2.9813272962994
1602.22982344209	443.567435564001	4.73408973927573	8879.31709545063	3330.40855462766	4.28232932428801
1001.76123605478	320.718840495315	3.53595909292634	4122.27330003252	2055.7650531412	2.67535497123294
1300.35246070157	479.91103193452	2.26482999981396	7011.44565543279	4943.90785915911	2.32576222969313
1193.05263288244	432.275675502836	1.99853880852577	6579.75463946533	3358.38259147113	2.39068312923358
986.163068242293	364.832006659385	1.81712435862284	4748.54936801691	2276.89085963507	2.59722130086841
2817.80055807138	1004.77094404999	2.13799273895893	64677.3287264337	35595.014873831	7.60605485689615
1021.00502165859	361.057015553855	1.82951384262902	5279.61814361095	2540.11334365386	2.61273972188781
964.606244960934	350.451502087478	2.19389339927478	4519.93799146379	2224.28065536371	2.74795070612498
2254.82651863401	752.634618974218	2.11557360692026	23429.249493453	11012.6019171298	2.58080125879827
1476.95989570065	526.185769505183	1.85837456570675	10736.1518435573	5140.07551768982	2.56444138053044
1289.63025086011	460.681949512764	1.86103522575129	8733.02287637962	3733.45972446655	3.5699610656972
1446.21982228607	510.575913876107	2.00506027462489	9984.42062135188	4859.15023391059	2.53258037630813
2648.72642086905	885.559858009053	2.94666546477314	41245.1799122169	17186.9047262561	6.38857695184921
878.361102859751	301.231555621176	2.46821961486994	3540.26931595986	1870.54844114656	2.48784045219828
1365.04631446124	464.600737872911	3.11879752261725	7945.15077656207	4670.65395283929	3.02606165927192
2086.62839260003	643.4353659483	4.48025459735069	16503.3577690673	7882.94003085974	2.87469586288747
1465.86391892314	512.263375159103	2.45571406908832	10025.2732889274	6986.1108154346	3.42617065474735
874.663227514819	310.325286105725	2.36312290530641	3382.08853248849	1780.71886482495	2.42740274024487
1113.62614707403	411.399543279207	1.94172904244602	5808.38398527438	3433.01333949618	2.7441236807302
1001.61920134529	364.846400248552	2.07201666949054	5266.15955231424	2587.12365970578	3.70722434432287
1027.79464280455	338.056862164992	3.07224897992978	5036.68928000246	2160.48518081755	3.78808833663864
1206.07239778291	452.435122404929	1.75526122268927	7438.77606258447	3889.02903577697	2.53569914773502
939.036819863697	343.891985128273	1.96964354641903	4218.40066842778	2157.2664371707	2.71959816593518
1186.19950779235	412.005465924054	1.78077486388637	7397.86492614837	3202.8434358728	2.56871116828077
1489.00139988285	476.248601941159	2.66701426498276	9152.4934604797	3807.58639234388	3.79868101138392
1127.8812768134	354.568579765012	3.05394457739402	5530.69446244599	2333.92832335019	3.90429575868194
1411.43395429334	446.164487873927	2.23870979866229	9173.46833387691	3841.59934730517	3.17511507862735
853.088505834192	305.4741679961	2.45073186299101	3973.08989806809	1851.42759474321	4.26715460562298
1599.77799879463	550.800339352525	2.63028945052253	10917.6206389104	5740.8130854754	3.23597646969944
803.85997848962	274.19638052921	2.63904320379581	3771.2926961537	1579.62611287251	5.12803151801984
1522.41001079591	436.198754212449	5.28992071508593	11512.7266452038	3695.04572481072	9.90025530483565
1330.89586905122	361.270933263022	4.20993145335385	6435.56723970511	2347.78970294288	3.35145901298281
1132.03451535068	419.626879774396	1.77870377108439	5973.81882997231	3047.08442423892	2.27397501511135
1377.35711001691	427.092245121888	2.97389985249511	7484.0208139498	3419.15246520698	2.61899811692963
1174.48725420858	399.142552119449	1.96010615997447	6727.07787288832	2887.31334406967	3.16455145745363
1174.55189046841	407.789013314697	2.56418239328748	6706.34893301612	2988.99375312448	4.89368648224821
1707.9325170485	543.66071940671	2.59419383641914	11889.478837001	5373.93141794861	2.78401557415688
1498.35499783351	510.108086625381	2.08066987198983	9769.88552129043	4385.80361539373	2.64354111959197
2338.49146719919	759.492215061326	3.96779858334368	19922.1515369304	11214.6143259378	2.77665247096874
1106.71451287285	406.584169628856	1.58972951151418	5851.94655743936	2831.2926505244	2.54036308879931
1120.75590930725	419.864614625809	1.72002689274681	5973.80596369276	3231.84722626291	2.33095722189156
1118.22340467443	403.382480627556	1.98251924271065	5642.80795393466	2971.50591484214	2.26752531697224
1550.78266080054	565.370441708116	1.78228731845799	11188.0187925855	6119.59797153341	2.30380473512811
1617.85465278907	593.166454308756	2.06824149228405	12966.3322893637	6887.68310891048	2.66454885887755
1575.04339295254	574.965387468206	1.78983676282836	13015.9523664551	6129.87810496553	3.21502473242255
1201.31155739474	456.984515585394	2.57290351081824	8067.30329794901	5637.56037259216	3.13937032859973
998.088072848625	324.207692670631	2.48149544005224	4888.65083624093	2026.13388846284	3.09745822872424
1111.82464284844	391.61884301109	1.90551366314154	5898.04828245942	2826.29558030678	2.85638446184972
1184.40480194991	423.837136749959	1.92237633866064	7902.08659893087	3460.73003934793	3.05858938384676
1088.51627942984	361.514334684472	2.42441330604654	5386.29063658058	2307.11231745304	2.92426304795509
1280.34147281105	430.164426976654	2.34070851545537	7470.22500084352	3471.21467593795	3.71607291960802
1340.06487795913	445.067346248493	2.30900461601249	8049.40261630985	3689.59023463746	3.06022434519229
1244.36958829625	422.322861883942	2.05531228261443	7768.11024359945	3433.03108860675	3.6659041737129
986.843183920131	357.950929195601	2.15552569280475	5191.36765571398	2515.31335422037	3.14489459248537
1418.80405621684	434.151617468502	3.30605396416311	7591.28603961301	3617.41135048119	2.580464095552
1437.66537384544	464.003960797007	2.40021967818972	8052.06496956567	3894.66565576179	2.38375705190789
1168.47575691189	385.485516881199	2.20300040020179	6038.23195841313	2642.0628113009	2.8996954054495
945.261634831841	323.565537597801	2.21925516428722	4316.55219153325	2133.53356221331	2.85066257707597
1951.68473455599	659.902207054053	2.28147668201051	17466.1572823878	8416.57414301297	2.89116615404146
1145.71413798239	374.968574348157	2.80632428944133	6778.69458145196	2856.30705690805	3.90253024004553
1700.70616973822	391.432059941062	8.70570814937033	9625.8576880194	2921.22718228942	8.48555435758997
1667.57564024032	457.88863039803	4.85649266972733	9438.93747502275	4122.98527099363	3.31903145904606
1160.97270516349	410.513185634717	2.11254702427462	6908.28701358066	3268.71027692854	3.28292486669012
1418.86657285326	440.762626286842	3.50095193219973	8641.03472384683	3410.02304542735	3.0146883809823
904.1421244371	321.951290962073	3.00785301920392	6398.07380706448	2104.00467370976	10.8362313117594
1124.6514008964	349.934667004105	3.9713149592557	4593.87816117287	2184.36143526074	2.70040785004796
1421.41125640883	470.087552386709	1.94814108400194	9042.99264493932	4109.66343909336	2.75888361868304
869.927385490728	316.536059864377	2.35733925794451	3710.21022591302	1957.04502996596	2.62616029224882
2150.29102936259	820.839135079732	2.43347274494305	26000.0851464475	13569.8964628157	4.96255494118988
1195.43372331286	368.784117023075	2.88586629053574	6525.33541697345	2450.99648904729	4.26938323318554
934.454500954468	335.775162699689	2.21929088403387	5136.25043414748	2385.81244231509	3.43465891726206
1881.93557354203	650.942878572303	2.11439779226305	15320.4954451288	8022.2719501597	2.51285557386203
1448.95852854264	564.172712757376	1.65932249533527	11508.3215796699	6133.3370400106	2.50307449540939
2274.09810160267	781.002894973648	2.33054796029365	24349.9620583912	14510.0025734643	2.92751185302774
1638.38562949574	520.16725503459	2.95286467670849	11583.2541928778	5139.82101393388	2.70489386136652
1659.39926518945	513.440789756316	3.25930987821805	12233.8614680523	5036.99955756069	4.06591732934798
887.296837058686	315.583008599417	1.94579919123672	4448.85496494813	1882.51749154907	3.80904018562676
1491.80081763734	505.316862882086	2.10801402794062	9821.47418478253	4695.27224236668	3.04002729523593
1323.53475616875	539.383084525653	1.75283036526702	10519.1317487687	6729.1776400696	2.88059557159712
1017.29280370933	358.133814226037	2.34271611636954	4862.78443308455	2553.05404578102	2.40393945299297
1237.54695133466	408.918855283605	2.98494174316276	7065.24154745806	3193.36452608907	3.29252767474896
908.148714206348	322.101286408539	2.0265393473949	3892.09285018725	2049.02024656699	2.47856686744323
1379.31401645357	502.628001774223	2.01442883813743	9276.35719002754	4708.51496679475	3.94981589130022
2171.61025238456	699.469818624155	3.34518992855469	19220.4260900165	9722.4114934021	2.89144178459867
1559.46581239454	531.77457797579	2.0192251699424	13597.4574749913	5695.84164538679	4.1130945283401
1081.90124036637	379.860894152352	2.64372612613198	5504.44205977691	2836.30314476363	2.65495132212486
1180.76964974847	426.216950394728	1.82869415215577	6653.98718533312	3087.23553914866	2.29148639024861
1358.76105552946	496.821590943622	2.05050036796428	9289.76242343953	4568.05684818873	2.6446884468565
1573.46044320295	529.916247119087	2.72965466137088	11494.2330454173	5245.17823687535	3.09245575992011
1376.79562208787	464.646559719819	2.18740701978583	9253.59756671331	4230.99494339878	3.18623536833988
916.960777511557	338.379618437944	1.71804988240557	4245.18558265634	2010.0313298791	2.65360358242337
1392.85382655273	420.705906319679	3.69250604416415	6950.36570001771	3234.16686243374	2.59870123867839
1780.55467432668	454.19698400262	6.40816539881265	10794.7708982484	4437.26393830585	5.40451870672102
1346.50740176401	440.524623412385	3.00762726965529	7502.9420585061	3890.78653585758	2.93271709018042
1090.19532853082	395.330927202849	2.29950240440293	5118.28546366366	3103.24976961197	2.28658013435071
944.386874405019	328.407750753447	1.99618661311867	4138.15390775335	2014.37340164645	2.85404124382019
926.693573741649	326.114206823341	2.01553026995473	3964.62002227973	1928.64866292923	2.71985063758674
1524.19533672184	526.835541875823	4.67975956813001	9679.54031551784	6064.49184030742	2.81880674817206
1082.35061352126	396.752083532243	1.94072967676522	5838.38966446182	3080.08170673633	2.28528036695219
1754.10070837125	612.461605367361	2.15912002344805	15286.9360170133	6648.13781148142	4.11931481190942
1645.03687467389	486.166956998807	3.58819108291545	14332.1853683288	4870.70580740963	7.26808460744957
956.591702753453	353.699339593614	2.08471481276873	4977.31987469683	2804.41900384223	2.77312075133574
1110.14393078212	389.825798972449	1.8767963909206	5585.89425485775	2732.65592801991	2.45531528112487
1443.21130494178	498.882585470108	3.06946564061896	8627.94728556909	4410.12102173708	3.02881148341395
1015.8765856186	313.151089371933	3.32418879577683	4179.62128066194	1767.95676872811	3.31345908185798
1044.36518103781	388.393521663009	2.09460055321202	6308.69663325548	3067.09707115624	3.60832031094784
876.602567527327	327.870432467034	2.04752240986903	4036.5329926383	2212.8390814698	2.79544561659139
865.071016235171	320.893413592806	2.06195742018165	3488.18526865686	1895.08520366234	2.31573300737463
1050.31962148574	375.195552302865	2.01110505737568	6029.03898680993	2589.56942363902	3.98665763568132
1316.88731825242	401.776976328656	2.61309079233321	7398.1690978703	3030.77085706357	3.126868978293
972.580925946025	334.766924715568	2.27989521580674	4212.24821823239	2022.319059286	2.53035514564751
1036.94293141144	379.167972351572	2.23654880140392	5518.11035821526	3117.49964737621	3.45211069942224
877.8036750527	302.386499763717	2.24075302725851	3628.75807326831	1801.26880367049	2.88193056025991
1174.66751101016	389.039460054197	2.41202020889577	5469.01901683596	2714.98731868953	2.45495887810188
1402.37424494253	454.487413388312	2.04636926195502	8239.41910413947	3710.51470815729	2.45135751328143
1657.48533618462	491.986612490604	4.95500424609193	9243.66555978872	4483.83234351546	3.41872669591514
853.736725795567	329.336824844594	1.60710568201242	3983.48312198878	2061.25265442312	2.72202951542602
1204.27334661733	407.141941726843	2.76580345559074	6416.30917732861	3617.06614841388	2.92563816850715
1235.95198993367	459.696355279622	1.92183432612681	7362.43486406477	4223.70180194829	2.58210309624776
1304.90657573942	441.100588557045	2.50209081044519	6423.1950513609	3347.29784895021	2.27139521544726
1121.96008084886	361.299064510081	2.91917798643925	5280.43974231735	2343.84724927961	2.99309119091594
1630.55323463154	335.017413765145	10.2631362545278	8696.26210576496	2058.0928381896	11.8959656168782
2541.8595072135	695.329365976909	4.06067593557765	25535.1811747123	9031.19436470439	3.54585954674519
855.666093814112	328.861606804367	1.94824381013098	3605.31197302347	1884.94749949489	2.53977426275758
1068.36314897908	373.809521910417	3.29542975354394	5100.85021381588	3570.74213165425	2.52474426584991
942.65209870677	317.364024192698	2.3550575843266	4027.36589281042	1927.9781057236	2.68786688319032
1303.06020707732	433.403384278385	2.13350964767969	8313.02657845011	3309.10515606371	3.55534684942445
1383.97395574758	463.343927897468	2.30687712218667	8508.39513469234	4153.26914887091	2.77158380642921
1221.48805584245	331.081967343316	5.81347420594235	5132.63477033738	2059.92244065697	4.54115597289746
2759.03471767444	787.270187281939	5.28446131054996	33999.0537464843	13244.3508059659	4.81854000096599
960.623194128905	349.244246603341	1.97955377228455	4584.91081941157	2215.42277236593	3.14487161266628
881.836443600979	331.56502339313	1.84207101935506	4028.94777155019	2092.52069531381	2.78480604997981
1137.82381195182	388.172359634386	2.10598138196452	5817.81087221666	2830.81562204752	2.5269553868705
1427.58841851867	445.989497837502	2.78225365435706	7727.39976672316	3668.99591313466	2.68279479855878
1407.05582467171	500.875577045184	2.26433861799257	11368.080317705	5140.50898637746	3.93491021981611
1309.55005260116	447.115104110479	2.13689749571404	7979.00556990676	3726.08920017035	3.0667186062774
1250.26466310606	409.661964730344	2.75221839902898	6470.82243852172	2962.4105449853	3.07805684770904
1042.0677980145	331.834319585077	4.81095996258613	3868.813623963	2126.83470433917	2.88888217499325
1408.23733955683	443.740248436677	2.94275928657955	8527.39089606112	4079.60937995913	3.6393015591024
1577.64681729677	471.679596060799	3.24437594381299	11462.585379008	4192.87597731874	4.40023419798353
830.286908241806	324.30849203652	1.79068318212632	4078.25648355931	2046.53449607896	3.13535096634936
1449.37565100904	383.86437916511	3.58539017290765	8036.86571298077	2542.0465132912	4.56188203856776
1002.50515734826	325.75995861095	2.50768308951338	4409.26762727985	2005.06766759118	2.73488043049425
1163.59741410412	416.252261636084	2.08322079485994	7042.9613592983	3504.88460397296	3.62638448875445
1395.11727990364	504.972527878285	2.09565387451339	9023.34561506309	4821.91838539935	2.50385978415755
1876.48499566645	497.707781317943	5.38562542630862	20291.9185422721	4691.55453589669	8.94669303172711
1195.49504096872	418.805841778109	1.97565485383966	7401.63524201351	3760.64092462954	3.30735718389468
1390.51775500469	435.738191852277	2.80170104742056	8394.10996624173	4021.23114783587	3.31072517051139
1223.46439582995	425.77885618638	2.35217911611764	6612.61031438819	3564.57532351839	2.380771427869
971.110112316312	354.123440567815	1.90563541361566	4507.94708605378	2294.0379717745	2.24956904412932
1303.16577813981	465.938640829173	1.95937328103764	9164.71399529243	3917.05737651121	3.79178620779957
1985.18614107332	659.369807319281	2.15268153112401	21441.6296521459	9589.19240200036	3.5134056072143
1403.1348853989	499.929666180142	2.01599691584361	9091.89670858133	4910.80440341701	2.4044637278845
1225.44616031445	364.254796602767	4.09885510492034	5339.6411711494	2353.92834525198	2.85350996195306
962.100921346309	339.247671360783	1.93866003552993	4035.10543848208	2206.0481893555	2.38669798010042
1320.71517901895	452.783102206896	2.5801350073149	7226.0136211173	3470.90660057636	3.00663025443449
1103.29255923213	395.997444450996	2.18221254005101	5556.54345990587	2915.45260043025	2.68371110758869
1082.47049434085	342.575769253671	2.86365069323623	4831.03611001153	2349.85630289158	2.93864539133453
1406.46143925961	468.294015838771	3.30908833026849	9361.9873913327	4854.18914323712	3.99758779466299
1138.49915631586	380.249448253014	2.26962790459896	6157.54456781174	2684.47912088435	3.08162562303106
1369.22159990602	456.114815242579	2.3031087716184	8930.74059211033	4201.14747547619	3.21965925639918
1213.9706295067	424.389933820755	2.0431911599955	6370.99355718714	3120.60770046706	2.21977448217066
1078.62988492967	369.845936047044	2.76174225641286	5138.10490026518	2639.18353815395	3.22073364452678
1625.13445090542	529.033483216769	2.78001279276395	15098.3875273454	5635.96257164896	4.77749880162605
909.078288654671	313.758810080436	2.02294674800652	3738.69837978037	1852.35330037906	2.60255311009242
999.371792787783	380.73808581932	1.69710315081421	5781.38446552908	2842.96789532259	3.36672053997136
1262.72209889752	447.033399565059	2.48028573738512	7841.95540070952	3466.87771914433	3.77827222393037
1329.94102989425	458.552447993141	2.46685242201186	7837.29781585266	4145.66296481915	2.42114095716261
2448.28251275113	766.84629771617	3.06889706587427	22723.1569496527	10794.1424195647	2.4113865303548
1041.62075745082	392.9552825533	2.04279726736828	5016.22811074653	2799.46419424595	2.77015216187309
1091.40827450548	364.965624344193	2.51780386888832	5543.88443758471	2503.03340090497	2.77157339271184
1114.90201427346	343.147337875076	3.15689825389669	5293.58615921286	2331.71055996017	3.56229238737976
1077.57064483669	360.931669656335	2.29295271563427	5339.07411582852	2411.44370459261	2.75922806049093
1345.66563169477	474.449668203034	2.05814987476715	8322.73995705061	3955.69805727706	2.39067323626798
1050.29476984413	378.405671647335	1.96748687750888	5307.69472737326	2685.61524047459	2.56628476517766
1086.86655544334	379.158604318035	2.28846750581344	5213.87360356203	2693.69260895513	2.84112947066087
1203.71341764647	397.887103035713	2.21825183644126	6872.46269582081	2890.64807249684	3.0715576442969
1230.72212219467	406.914742489445	3.01471505717483	9101.95791476983	3102.57684305801	6.37897683981536
3474.2047887238	1152.09578330425	2.2337861491554	66944.4630359287	28129.4862009751	3.47282905652967
991.070338725747	376.191450164001	1.65905529058696	5567.50427972608	2785.71105494504	2.56033564504598
1080.51633717914	376.299886869983	2.13608940460322	6655.18430998967	2936.43975534114	5.93362608809287
878.097497193274	335.793444477109	2.23631956082577	3691.57090586773	2343.41066216911	2.46038316168736
1657.81673746303	536.549258928398	3.72410501283098	10332.3975428547	6005.56006600278	2.62093551630572
1719.27088129308	604.014615080906	2.23795781978999	12539.7169527145	6751.84788854477	2.40870884401975
2956.80145512169	986.010796619849	2.78051546835344	45741.7570509916	21966.6699618041	4.07014510893672
1268.46986985405	345.568287287842	4.99285968682721	5341.71370941802	2331.18619827129	3.34360783798866
2299.27756355071	809.593452297659	2.54030511078093	24576.8199332355	11828.2389017432	2.75570842049053
1150.79816069247	416.043916004949	1.81378050037567	6553.07675002634	3096.90952723229	2.6589982436907
1024.30208500736	374.102154264745	1.97083510134997	4702.64576665224	2487.49270400936	2.28712772682158
3074.42792178662	977.713833475013	2.55849366403791	48675.7737131618	19670.2127650604	3.41807488257134
1133.95477799654	403.976488905083	2.38953298727097	5720.92299020495	3070.61613500137	2.5390991557109
1289.0289024098	364.170069837682	3.36867182206928	6405.016978878	2361.02400527543	4.96777689452388
2174.71434777088	571.234869583119	6.21090420270791	15440.2489127442	6585.87284131464	4.62378655083338
1698.6159559033	633.730822987261	2.06964907773976	15501.18913513	7370.00309339903	3.14701089845117
1181.09485683856	398.588038814244	2.42807211001526	6719.82684037366	3035.34955269878	3.6895251205505
2688.86677426616	835.853391775406	2.62149714725295	34489.4574242766	13911.4941089477	4.09623963181487
989.947912434044	317.97084968267	3.02153473264295	5091.90183226473	1981.37216164137	6.4091246406547
1468.74939665942	517.911520204396	2.57984981214614	11983.6688578293	6093.10093214828	3.40218311658135
1555.89037542049	499.550780509958	2.12731925097624	11384.7836782963	4569.93669010064	3.33256904418933
863.790893561723	339.209700115068	1.72883178405309	3998.98959244975	2166.4108581786	2.29021702503575
1140.2106865925	397.96505427473	2.17387219096909	7198.69466780327	3007.6753468965	6.35637360883481
905.983198796421	323.921905708439	2.02551793789944	4377.38693055168	2294.46805332354	2.87031132555669
1067.67491077203	350.4041048064	2.38172793117906	5391.51002987791	2437.05062134627	2.74750158210406
1364.35658908793	502.130175512663	1.73255225234647	10544.182474262	5104.51416000479	3.74731522938344
1004.04339478246	345.965298597928	2.24191673950502	5099.11159184818	2252.50785643036	3.7532865273849
960.040488056498	327.823074270717	2.75044302000839	4225.8801082907	2112.09772260465	2.69060593016939
860.796390505216	297.841501126355	2.40537280953227	3397.69024614504	1782.63355477751	2.56397569360487
1653.72295550306	333.45433467368	8.3756665569702	7904.18359417576	2090.20531290943	8.75165402215808
1278.34062385926	411.066384299352	2.81911150962076	6930.50447901526	3287.64639002533	2.43757109485758
1476.949107314	503.592320119711	2.36121974092936	9196.18631527458	4455.36316927423	2.52549379449438
1444.57422526464	487.232058620662	2.26534212576546	9848.27700315236	4208.97886091121	3.17160672451075
1175.49337529328	405.853598591243	2.17256049778411	6001.99010248568	3141.15067349832	2.69209002238417
1423.79932477715	466.176920210255	2.03766166158664	8394.80111985111	3667.68012094551	2.41636795723165
1199.52750610827	443.275666595187	1.89868975643161	7710.16543732473	3838.97563408146	3.25426077429164
1888.36909184564	611.137554333929	2.6403814599275	15050.9247130892	6354.8244614541	2.952850984622
894.191215301784	323.2671361997	2.12532921987129	3790.78676666614	2075.28604984405	2.68455444133063
1302.15597281818	413.714640893866	2.93426673382641	6633.69276978549	3158.50378182391	2.71269871941968
1281.43649436961	462.550094850357	2.27082673647314	7586.53070051222	3929.55949291667	2.33750431926459
1295.45304582855	448.997026246108	1.85110697273003	8577.98121920401	3789.01660105995	3.29448954068914
1329.71909456873	523.551043413002	1.69835728921214	9179.31065679903	5310.59146208519	2.37538083578333
1023.21537435911	362.131413164797	1.81807539233627	5016.77295067411	2417.3793299069	2.57065094375694
1412.77804608606	487.524757244575	2.00059933414166	9138.62024695832	4131.58690155193	2.83866712326332
1212.40810588391	452.948090042828	1.87340187863715	6795.43605320175	3851.97968342176	2.17137994260194
1349.0376623002	385.93681067316	6.522060347825	6336.38397023626	3057.25696199269	4.83741731281793
1069.37670443652	359.811536067536	2.105317866471	5067.16966442784	2372.00425554374	2.66898939848244
1084.60462302999	364.598083609239	2.19654405485857	5272.81881537141	2489.82918548233	2.57170539362213
2156.0565915548	641.016408417829	4.19967073589615	15130.8363162154	6809.77177478834	2.80547072870942
1584.69196052964	472.337471132436	3.84465223130781	10601.8763026476	4454.49489358046	3.67105963119092
1722.03397623777	600.576638725464	1.97577515723027	15925.3409476286	7062.49368386162	3.80246696060234
1008.86892199249	379.006097334862	1.71923355107906	4763.4389326615	2578.05207538427	2.37055017151827
1032.73005527705	394.789438559489	1.70971924476979	5709.65182074424	2983.27669307816	2.53950440616776
1464.63134189731	495.927561419727	2.12097545897933	9496.13159156167	4320.17080923891	2.74265763912118
2317.99609709834	880.453496436928	1.8590402414628	28134.7387836406	15218.4982704889	2.75539651844123
1183.21397419749	395.086306674469	2.44226040358548	5589.72552682619	2841.24475902735	2.41860598603555
1227.44857239539	397.135895854818	5.2684433837909	5618.48445099768	3250.0093447373	3.38912357174404
1198.22428213598	438.383271681314	2.29801883921479	6903.75907149559	3530.39188295118	2.41920895303664
1004.92993794558	322.650016276334	2.85169185822025	5261.33370018333	2054.91723468356	4.56821575497014
923.075917109566	331.822421365516	2.2155873466471	5052.00450045483	2720.57404787205	3.94144781966605
955.637029588592	347.462607728177	1.94463500897974	4519.76252652116	2235.26471172023	2.70525301972996
1399.26350441751	475.019882799878	2.23650821996496	9579.87625379104	4355.05816334087	3.31272817025166
897.384457821907	280.370355451138	2.54857198281319	4155.30924936181	1593.44721069187	4.42558100323757
2077.22544614497	702.183003369909	3.24294954577475	17353.151577961	9264.88656490083	2.50736840119974
822.885878416195	306.702961345288	1.87675581641685	3627.79563720332	1788.07761033978	2.88803193066023
1333.3285878924	449.088151144689	2.02432258591127	8169.99859844387	3640.21169139551	2.48810467540449
959.958557189523	327.79947918434	1.84776246488929	4672.2954364994	1985.31781799811	2.91800143733356
1112.03558375735	337.146274979622	3.68380175979733	4514.22843998085	2134.29644378474	2.55050526529599
861.216246721892	322.172306537011	1.7749481789512	3638.37670630969	1913.83012779187	2.38713320456842
1146.28830844208	388.356731655564	2.4426355797351	6508.10621369516	3126.43029938728	3.30372280829582
1330.51045476813	451.439137393	2.55428181873368	9200.95236141264	3667.93815582476	4.42990799181173
1202.46620549724	374.151869967853	2.58731141971317	7932.95360608648	2733.28865401552	5.39535953442086
1622.7052608132	490.880159049554	2.31471175371207	12197.9192410633	4437.72212225886	3.2399333679803
968.187471442489	369.66712312779	1.77539421700144	4598.69194225451	2439.45619808633	2.34487562446441
1472.7116114663	460.729858888841	3.29672165386276	9629.67013763206	3518.17925348102	3.82376418437749
1271.70513494396	418.087499309925	2.7513603890111	6740.51573989234	3344.93397902977	2.50949531096857
1266.64620455975	409.077865231996	3.23385547419904	6394.23065609224	2953.67506634759	2.36341440815389
1565.42609061567	527.590243374467	2.20664740802771	10290.4888328538	4908.51881211633	2.36917787258013
1234.88639681207	434.340668755296	2.08649313155033	7079.04037569121	3357.95228404383	2.47064170638312
1060.46831583824	364.696546199561	2.3803040184125	5865.23895456614	2717.80480218838	3.38769920370846
1379.92576922055	445.583781269805	2.26094720891768	8041.14382279077	3659.74516409097	2.94516332115618
1398.05680486211	459.38724469806	2.31839179229101	9371.29422262908	3548.75461445584	3.94406806907853
1367.26055264117	419.226108451321	3.03487197185301	8061.13082561959	3213.75468861474	3.7270001116987
1332.72664045525	337.37976698894	5.9175476752748	6050.32925943628	2211.72153376607	4.7043881321228
1019.95698387489	355.079896756014	1.98200070817673	4937.56373190504	2247.27293795244	2.91112404181243
1145.90397955511	350.397529217584	3.89157301435321	4778.04450097258	2440.28989374553	2.4054583618845
1000.25667872244	392.143592657752	1.61285287305397	5509.85226010015	3020.45594469324	2.17336964715466
1184.03079386054	384.712435782885	2.83254753105273	6858.12435696627	2689.95819750509	5.71588522666602
1141.17751742769	383.508940734156	2.53592521260236	5502.96135639982	2695.93340279562	2.60624793937797
2749.09728253369	988.192050730901	2.58126699749969	36480.8322714145	19666.3906444113	4.13545119763745
1161.12254478743	381.074680938197	2.65010810780235	5499.50274711009	2735.63987803619	2.35322335190998
847.970854973179	286.683208959292	3.40123893823252	3260.36248495696	1657.22344498772	2.75511149804242
961.684242106372	330.594904343841	2.05347137198469	5089.33992706157	2175.9183823979	3.18931887216621
2410.02801190366	728.045315409883	3.88649740709373	34142.2050125686	9223.05782578691	10.5543799065677
862.482003090929	321.020239412916	1.9926334740784	3918.42055274617	2009.73109813467	3.03919064907541
1410.94701882702	451.347678528996	2.36397980163232	9313.24791160417	3704.87258290638	3.27838855679662
1059.4548791833	369.929792814186	1.8020077999575	6027.37222634694	2583.42357255887	3.53969471450706
1429.81894349051	418.448518420196	6.65826513911271	7142.25482462396	3301.01236564273	5.08881486921893
1109.42614115396	389.230138946632	2.49074322778888	5230.11794763285	2762.61193132897	2.38238221511733
948.101443480483	339.009379181401	1.88039925048948	4641.34354576329	2352.55582457022	2.68530908681925
1260.40424944771	428.42362986749	2.06817622704255	7108.07352454882	3261.99606238801	2.44675890743168
1403.58187036953	523.859769419673	2.20380717562949	10635.5630126422	5401.40842554968	3.2934071390714
934.7944491348	342.806879842456	1.84280680318494	4435.84955205405	2302.8990532267	2.79021233520936
1200.50293000306	423.336801413025	2.79770784353588	6586.14363559468	3354.85525986093	2.82210218706442
911.253326769629	309.264522940456	2.78297766530466	4040.92049571493	1835.46671250366	3.23050143612839
1179.32534209108	415.244867334603	3.46362771367955	5629.26789667891	3207.70496503074	2.57234303020744
1353.23225229026	465.026081757725	2.03347851654839	8746.4548338593	3883.62192831077	3.14463594036693
1131.00347984792	384.05050716028	2.04444391227104	5925.00806755858	2651.74772021109	2.68280124447249
866.268477001287	317.138623134065	1.79640134644863	3755.21136303087	1825.17609696371	2.72574258054449
1238.73436559756	419.876755390172	2.22461155230617	6993.70247827036	3109.54630938723	2.7656981546877
1350.78526947295	448.895738299448	2.4910813274253	7723.43669383211	3542.49633413532	2.88305925846829
1169.98265865547	395.469512209402	3.15517956576043	5377.4296345734	2607.7419893728	2.24114173911911
1331.66119415141	426.488444293969	3.13392834575353	8299.04029943237	3558.37293548417	3.76414421033801
1010.77033318098	347.885905144081	2.15823860144018	4944.11620230767	2173.842884939	3.1109332663098
1616.9457584843	519.738142713688	3.70381225861685	11983.1022971093	6931.26248127045	2.89864353524318
1057.31352825676	369.511216731377	1.99992930904855	5327.73182476061	2290.67908247576	2.77200642571314
1648.82603508521	544.987331965537	2.43804650507866	12847.8333198221	5631.56131396146	2.82506433615962
1491.73976651964	515.886161612764	2.23979103876428	9579.02543222414	4531.93545701768	3.08999923937379
846.250231073525	313.900926725796	2.35911366150501	4246.9463467284	2506.57903088131	4.33182693085644
1156.39194739126	420.832203493649	2.06751020928328	7991.59994085618	3441.84724848993	3.90537801501262
1094.59084811874	375.104148485951	2.37906439782307	5419.91064623754	2690.13881676182	2.63114370171273
940.809414260721	326.409329049888	2.34315756261144	4040.58660484012	1942.53833580758	3.75760398029093
814.307926411615	318.734502559308	1.69504742098696	3570.17046237098	1888.75592642079	2.50027409650934
895.61385732243	334.75214967887	1.7471279908711	4343.98286521346	2111.52635761036	2.89302379479427
1204.94350590645	414.201327979018	2.93311979488401	6392.94504595106	3250.19467750785	2.69059136214962
1052.61891710768	370.608547242496	2.38266088512788	5733.81799580196	2569.04469605055	4.20761647351154
1187.29885523313	423.722299423052	2.22076266660873	6928.57389291201	3161.75311698389	2.86630175065634
1152.51398082187	420.72393974966	2.074681181119	6832.16924924957	3241.92187499281	3.01020941321434
1939.77331868243	680.579317865155	2.62126840042379	15250.0823268089	7686.38367313604	1.93680608917082
932.561270353075	334.001892988269	2.50967472714751	3986.00429313102	2217.89166453104	2.61764620103665
1154.06005622185	374.42728938821	2.7644236103694	6622.3108414696	2862.33640322464	3.99394111692935
1095.0255941285	381.359652551251	2.08520461527359	5973.63799133417	3493.00893594677	2.94589851972585
1095.47055746537	396.813296384238	1.97001273032121	6418.24558126029	3008.84426942842	2.753224454276
1148.00187619998	427.929894839843	1.93302942586073	6170.03648048369	4177.80285681201	2.42552184192459
1063.74429096228	355.86932575668	2.61986449062555	6011.63270408046	2405.19487881848	4.58036116300389
1101.56819052985	382.861505005803	1.85733063204633	5787.43330305867	2872.11377184765	2.48808313609287
1304.12558106234	436.069116643342	2.22988673036812	7582.26364502516	3494.70371588199	2.46005847856572
1130.38160054976	355.916956587284	2.59489094978535	5195.93913932851	2496.88615464127	2.93229724184227
1541.05517558199	536.069635840617	2.42246148767244	11147.3245162283	6183.2423372822	3.55593489240476
2206.19980997249	732.133693590413	2.64937650731222	23925.5531801467	9802.60906528201	5.09404953013664
1615.64058189579	576.64699852195	2.22711654841102	12428.4872699631	5868.38423053374	2.99572886710814
2378.71141902229	665.293000272178	3.92306070280062	23266.5962540299	8871.88095888799	5.00698996764717
1124.37217498458	418.044460630447	1.85291533232928	6832.84647190397	3524.28634092149	3.21627067816281
910.717414144472	339.990630886479	2.04916987136423	4900.49389052545	2333.23394551274	4.07942869460595
1145.20649704959	322.892687793199	3.55374986065742	5263.34752140256	2009.46040753435	4.02530681656903
1771.2449834629	595.378389973628	3.31954089095721	11850.4251547527	6712.91732595295	2.04577150440734
1329.90039341494	473.805399632652	2.20443620588437	10023.4988990326	4369.25435745085	3.83846475822373
1010.53575918548	348.405554885396	3.1769675173107	4523.53535667563	2461.16241804281	3.17114777753364
990.192994021049	349.594606046804	1.82925127177051	4516.31460380829	2128.02869356786	2.64803330709695
1398.07576176312	462.938159053154	2.90514031241342	9258.81155613075	3804.2002339722	5.56152879501159
915.134338168298	317.75541810643	2.19221122827264	3822.74676196385	2004.17250360476	2.66162480831135
1661.95529460364	578.009997447024	2.03631303686888	12417.8626742746	5865.96816349606	2.48902762408996
2218.31310815265	854.348011822872	1.81799679372226	29205.1927931723	19280.0433016691	3.15258677032019
1174.36889430603	429.106487342332	1.81191023740839	6034.13627014842	3176.93923292691	1.9624810968675
857.333809306085	318.242508417135	2.28112027684239	3686.65777880279	1952.04387865313	2.85035907058974
1268.2002504693	359.952029041788	4.39149807884044	5938.61274175116	2367.11306855798	3.55524946479989
1192.24609761822	437.512636792894	1.66125408728258	6298.76461613128	3162.16466236129	2.06184956014409
1100.20265634805	411.339846684167	1.67416133789271	6000.01105784102	3138.07258886662	2.42786259578373
1333.80436887239	463.487795861076	2.10484280471883	8651.49983119133	4275.91842905942	2.98566775511049
867.123181994988	295.704248702716	3.93112963204318	3285.82024102348	1805.7975247099	2.78943650418486
1081.24543222517	398.168454473739	1.93711044866131	5592.5908379145	2908.87650057682	2.5116728989372
870.784658070281	306.416401325439	2.25047063402385	3874.73255220297	1719.35597833806	3.57241843222735
1059.65021398757	352.35342259871	2.03569716786851	4971.29345164612	2219.25682001939	2.72969263773274
1070.50405905874	384.161624066542	1.77107489596394	6312.49722340061	2909.36186726365	3.18007621067099
1059.35426615154	372.796106912574	1.92450338489055	5245.92927202263	2836.36321459785	2.4767107355885
2248.28688006538	683.722677496011	2.80524583028058	18852.8450007099	8003.39705518502	3.00137649192814
1151.62187890334	366.459062880275	2.1149019013789	5825.99544193662	2459.20289446091	2.51793255498494
1201.29076084921	375.039493642699	2.45735680161084	5775.73715911568	2452.77305765657	2.83808149713284
1380.48668251356	454.972469030183	3.14724896903832	8468.92801608664	3752.07088431063	3.74703399156675
2699.85329797085	974.488541129761	2.20625277842411	31806.20841008	18149.8341828003	2.32813881844382
1866.15567192463	678.226908107855	1.7057665373263	17140.8545265378	8827.04179109093	2.29952509288002
1119.66938971154	368.532643511675	2.9897404720414	5438.22516658547	2609.17925507637	2.65755287256748
1288.93866021737	427.582929117127	2.52364674464767	8173.52305212389	3691.93398931449	3.37084093275163
1152.16866670776	375.302252310797	2.84889209896641	5333.22321978154	2482.68128425538	2.82522856348134
921.692978576903	343.500792896385	1.85853862236903	4730.15137729102	2351.20207852288	2.8651144777285
1481.20919983707	541.795278458505	1.83306985210786	11902.7802349535	5719.66646792956	4.13993103423406
1254.16966319452	416.62860486443	2.69609841044513	7884.39125585686	3357.62595268199	5.30897626212927
1164.29532632331	414.826660662323	2.08162253850148	5749.77721091269	2931.17438589331	2.44122761568126
1183.52348040424	441.560451967207	1.99183051351034	7627.16707758754	4151.59043284787	3.0415104203316
1864.55379113271	678.552952219401	1.97931219803491	17572.51867226	8976.10877012129	2.88326231019596
2207.56823651159	736.415630303641	1.88129489507482	22434.5751132983	11546.8023941514	3.47062052813022
1977.65180665231	655.365536430035	2.29814798115291	19291.4772306232	9577.05398838889	3.82162498237451
963.726521050193	330.685448479901	2.31436981457812	4517.23700662335	2106.67940644561	3.99229879946072
1200.61963528256	423.119767614311	1.89206977555631	7120.36097537761	3154.30479167857	2.51189881851485
2066.71437036519	791.773131961118	1.93004691525765	22344.0232080347	13237.6660236684	2.54612802196466
1378.34674116897	374.939878317892	7.04428411169552	7254.10779955769	2698.2661931649	5.54604442181548
1277.50830711278	483.914924564192	1.95718961340339	6978.17331597787	4313.96401313402	2.02493524558886
937.357884716425	345.33847463785	1.94482302223127	4767.23374218181	2394.13054677497	3.04174966335068
1611.87173153206	474.674529560952	4.44832149067044	11745.7175728005	4282.61675818882	6.09441028215062
1579.53549657871	504.702971077418	2.65841257994199	10536.0459482403	5075.66409005797	3.07384529169958
2291.13781761511	767.813091580913	2.19509970723204	27226.7779479461	13755.6897165026	3.49200839250676
969.103718212451	349.612452294282	1.94079812076791	4223.6001489339	2238.84224828883	2.45334321177029
1401.23563290082	461.297737952983	2.48703796159228	9076.73562211556	3925.45663146914	3.37672785142961
829.450832964046	285.324229096859	2.16923390284051	3997.87804652899	1799.70360901669	3.98818341164441
1918.87602116381	594.650805636553	2.67436781492189	14759.7381371711	5968.89055921266	3.29492181575752
1917.3111632023	636.397567817903	3.35071990346046	14726.2704460391	7147.03164884549	2.61070890776407
1326.59565537949	498.935893857695	2.102067911817	8626.50866642985	4646.44617436798	2.14431168077784
1421.76876195341	546.626618963046	1.68108815414537	10913.2433673043	5520.07094198381	3.25475011191338
1163.32934254331	445.486257359969	2.00042129372842	7322.58378780979	3988.36803447368	2.74295784937647
1323.91811314265	460.91397607135	1.92549524467935	8805.98796175921	4104.62045236127	2.87769835957894
1394.59885589114	490.754526885695	1.90191961968649	8111.91115017627	4101.13865974767	2.03480151676762
1245.33459454111	432.700068687777	2.12825875097147	7813.11553989147	3699.81120824194	3.08791744368003
1914.72615666892	683.047213360961	3.50458615749959	21095.0597479217	16020.8416476656	4.70942114267195
1078.93996341094	347.803925663535	2.60829139409696	5235.93903713624	2356.76526767349	3.17508158272574
1104.59990994419	413.59221349736	1.98660943790352	6160.73917692435	3083.659250972	2.75668262893632
1244.33105034647	425.462149267948	2.39556659429735	7591.0051356638	3624.76975241449	3.5491545985148
896.191853289092	315.610590821268	2.3266381340275	3975.00249470824	1884.7930030883	3.06564471394644
1043.43975154052	364.278395247307	2.63232657813317	5443.09568378862	2541.69141462053	3.03344250022385
1361.17503539376	461.42251399526	2.36316661728624	7719.87734163115	3692.41751387398	2.38379608568057
985.82647145343	365.21583559534	1.99903310846773	5460.19831949604	2557.65693046765	4.34823819178736
925.322743499339	317.184298737421	2.1649327007646	3758.09813769534	1886.52056147535	3.0242763739106
974.080629684045	338.782650997404	2.12220285053604	4531.12114103406	2155.10599497771	2.86521858862236
2312.94176846934	658.220630618535	3.20382610691094	31632.6855733741	11405.1364338868	5.15098266982894
1081.66637208442	374.513714935984	1.96620648492996	5591.86496887584	2528.26226731928	2.60476494922326
1097.39501140403	397.630424911037	2.06222667920894	5785.1647107898	2907.87922370771	3.00025829721611
1033.86172309271	393.71275111534	1.77914604530863	6258.75164998796	3131.19259642066	2.94272613399558
907.705424276806	330.590603923125	2.18123125318203	3869.55856573008	2080.04416814959	2.50992609950007
1188.21993223259	461.383038933112	1.5595616148519	6637.76142755852	3830.21150395254	1.99610276348362
1042.23529084042	369.401864186004	2.27877792428245	6071.68767536352	2579.2875307896	4.56578013762643
820.570397495997	298.82340069047	1.98777722178068	4232.15816867389	1959.41020263291	4.21628570116812
1294.65904188416	505.083739828099	1.97287017031218	8677.42237630449	4879.99465490277	2.83267773490867
1550.92580740549	545.37294406925	2.15599816917971	10755.2097726187	5468.13268497813	2.56550407265476
1556.07100176684	590.471830518904	2.5848079760416	11586.2957001074	8001.58937132447	2.57038399821582
1133.27784274288	411.164239310129	1.87204569497281	5805.81154197269	3189.87144974887	2.37214212882036
1019.66011325739	363.847860805566	2.21651752669496	5310.22648818225	2540.56369106599	2.96723075128187
1899.67998828689	735.728208475191	1.79818605969507	18425.1298162569	10023.8414744458	2.26466293908451
1078.57727131262	382.315347421804	1.72238586753082	5138.34361990787	2524.44781314019	2.17651248600232
1058.68749359681	322.950647054633	3.69432651562654	4214.05185433325	1992.9912212084	2.97073085778692
841.072793303011	304.13431290335	2.43397157055204	3905.93101510988	1830.61128807165	4.74293616064831
1051.7418811754	370.203853891916	1.95280515215634	5545.65521214266	2538.10327189654	2.89274061602289
913.828397938386	338.298450432943	1.74032213703655	4478.28927942601	2131.87667568188	3.03689881029459
1154.98213073511	386.31020798571	2.59020058442772	6101.56475151432	2886.65650539089	2.96492675537189
2257.05130534142	792.803504649241	2.42010299951816	30385.1364969813	14812.547439311	4.15852761375613
1221.45309722998	448.038668718436	2.14961768656839	8208.41948214642	4008.97133690526	4.02841083763046
891.369305243133	343.096710223012	1.7894937211956	4175.7167865916	2129.69536289004	2.61877231626223
884.441435567048	311.485788611519	2.310914657752	4061.81598467438	1865.95631101772	3.10836330429724
1094.21589989182	426.981533530283	1.63014734411946	6072.68878702666	3342.04375817173	2.25671989335334
1589.03277480742	541.662372666298	3.623597549381	12878.4909939236	6648.90882358267	4.4335036273123
1440.99123218224	446.519824770047	3.21756353271689	9082.8208763867	3319.67583793994	4.11313207562627
1057.2420422108	363.685871765464	1.95090819962696	5214.6582885158	2592.04932706633	2.6113633092562
1468.48454260033	436.926928794285	3.23140456007089	8342.36318013802	3588.89011329612	3.22674376795923
1869.19040340588	669.138816418525	2.28226063854679	15729.1877007763	9124.46373585807	2.49563179535393
2242.95234839716	877.330526187014	2.02791657948262	28095.8751190388	16395.1119927575	3.49659888937255
1398.01693547704	388.512842072886	5.94336814850597	6859.15075929351	2989.10158380006	4.25197174797885
1411.2571783922	475.843060875059	1.93406049374842	9433.79546683677	4133.82512089122	2.77170446367415
1340.43462237803	436.828705253175	2.2121581098682	7252.07756942202	3247.32093329008	2.30251848420324
1130.61088949187	425.783640456005	1.81001564058619	7603.68286779266	3618.29964385598	3.30165840170652
1494.15419251344	435.096713050472	2.48093775327219	10221.9241732694	3463.86816869401	3.56445741462462
1841.2843747548	428.066208659318	6.44542988615867	13628.2702906763	3837.44963281055	5.31885677593375
1924.00686374235	479.331448796985	4.45163039036014	12204.2847015801	4252.46637208678	4.51521886486237
1159.56125850423	351.11344591676	3.11088924874959	6192.40171467116	2275.55531621363	6.2266606618758
1032.13002519012	333.3129781111	2.63891363959154	4547.99681204628	2200.49502255044	2.69558783832899
2399.92667643244	728.702434761706	3.46429224802092	23433.8489692275	10738.9407264504	3.25511011368737
1251.10190507895	393.057246765116	2.70726850759179	6775.43252034741	2822.55483148972	3.85273566469896
1375.59061621665	490.107497548679	1.86707554139331	9420.62546987172	4489.97416754197	2.66685689889097
1037.71898788322	373.646378558593	1.96914146838182	5352.00084079849	2626.3475299956	2.92954837439838
1006.34041071033	347.715109638827	2.37927760992267	4955.20118571767	2498.01140361745	2.95378991528395
1095.47691928438	390.250595023282	1.86369466677295	5644.0444115269	2865.46811707032	2.35059539156968
1092.62718309336	411.011578879594	1.76420313131699	5944.69429075028	3061.5251138842	2.56589661779602
1322.82486421787	405.645492034357	2.68221586397825	7293.48073013673	2890.33021770929	3.34198716089971
1143.60810170338	418.808994016768	2.02586820481872	5658.55112687271	3363.399897605	2.07555288457625
1646.27233348011	572.655894800153	1.79197946672216	13404.5687097721	5804.55153801386	2.89305836158967
979.0336416051	367.989129265491	2.01021588664651	5634.14750936631	2757.48348039435	3.6595597011791
858.215115479202	297.51941680961	2.5772527987528	3544.58960224617	1869.48117313975	2.62699747207629
1155.16648261121	393.153135583292	2.46031802596813	7586.71424133136	3078.55035813883	6.36969004864307
1847.00950356227	536.482518259381	2.96381162615976	15238.2602544851	5718.09611760488	3.57454444772748
1813.94254040733	600.439169214958	3.15941062826534	13389.3618759437	6562.10894905706	3.09680354867554
972.381448260636	329.801940218015	2.48895540747864	4774.83987133796	2141.45781055376	2.96937560500273
1187.68013197019	387.434438331671	2.18259397638351	7317.66237235697	3052.14956545855	3.44154317227586
1518.59970538332	542.591746329453	1.96141458685121	11257.5775128243	5842.58281515782	2.76348918967249
1285.44170027977	403.674344375517	2.19817936212069	6903.29605573452	2848.39821744796	2.53735605598612
1376.12936856905	397.392135938356	3.28786278767822	7715.25216895685	2731.00265620702	4.09731610216492
1025.97771996942	337.012587560725	2.10434768455074	5020.0224177292	2350.22020902969	2.99989920668603
1585.65548357512	523.597329310349	2.91203734712035	11688.3020092103	4809.69803304435	3.52770452089295
1408.22893852339	508.052951794209	1.88443338370962	9465.39373052262	4424.60062748989	3.14934426270549
954.797363430228	314.035591911851	2.67187334716341	4288.40100797267	1893.97232294662	3.24296066230378
1036.16264261982	381.925468899791	1.80373788988844	5812.05874314297	2748.57587092818	2.89782054351791
1004.09733693863	345.816687523862	2.03805682672668	4971.83959697495	2178.74574140609	2.76153826279846
972.348412159138	344.643703299966	2.12432154142404	5165.67054963408	2314.21138558915	3.31744369187177
1854.51136585672	630.511361628709	3.23230231773999	13577.3489648394	7647.606772648	2.34742882116539
1507.05544480942	497.913379928348	2.17353407673956	10244.7262542871	4440.57749200393	2.57606535533525
1076.48106285127	352.874184238615	4.25810631005859	4718.99047090349	2556.24190505783	2.84988390596415
1208.05503212038	406.5010992662	2.27114221794973	7499.88412118696	3369.55917342163	4.63375250818034
1855.75105670832	595.990060287827	2.79201428620875	13591.5194205704	7388.57363601	2.32255485662424
1581.69628936632	478.81799633009	3.11102131307754	9616.14413027304	4351.8148842101	3.29927218309904
1486.49153608925	511.985271576921	3.08692295193899	9542.6329385537	4695.32630209537	3.04843554019556
894.499090604321	332.821502259709	1.91115049051244	3653.24615219498	1990.63792562848	2.34560301350997
842.515256240238	307.979363792037	1.97455956833134	4149.51667667733	1824.75760939843	4.24605381043556
2198.29496294187	732.406845462942	2.24277698367422	22981.7695553448	10779.1263083363	2.91347133107538
1473.84227425453	465.8071585909	2.56618242530798	9600.14353955756	3943.58415879914	3.49139245728959
768.204238372052	270.501561393644	2.10178490171066	2955.51577811897	1428.15911617032	3.1610209313741
896.578556440502	320.870318671757	2.150352281951	3752.35490278572	1883.14526575761	2.83722794215258
1373.9448462075	427.316435033597	2.35300341311916	8020.82425947689	3407.08547379215	2.60308389854159
1035.7209155722	401.195611953832	1.81802195676072	5555.93614349336	3197.75537697869	2.34293894195177
1061.52169652122	358.079593480899	2.02443737659971	5938.51666908981	2519.87166313558	3.90265245154338
1399.76198182957	389.427749578906	3.59207057472313	7827.95265141145	2940.15965753909	4.05897735975852
1389.77799149986	483.493797281858	2.51532936364389	9161.55323354894	4336.78683540353	4.44811508038871
1525.5338438157	525.637107078374	2.73616454348139	9737.07278860355	5053.96706851499	2.62119908531961
952.538502018348	330.136034409471	2.65631177418212	4762.33873107894	2253.61534932856	3.19202581364647
1460.14421577403	448.163113033614	3.7726456494603	8469.30080418952	3826.51195163837	3.28390917180472
1090.44920808398	383.330747382755	2.32077357810733	5566.76729638333	2612.38045217166	2.76700450611828
1621.80163284194	569.106481247309	2.11822092435666	12131.0590988063	6650.9549124298	2.8581513006754
868.657696292335	290.243424022235	2.95499685059805	3337.95812823961	1699.67655127589	2.71664679106538
1244.04275301608	355.225569826016	4.18642044935059	6510.90587794283	2318.31112804256	3.9536432605414
1059.15795541772	363.673726234653	2.47096677616404	4927.13135660745	2491.42434429001	2.50956303287187
858.714536667392	292.657102895441	2.96414497934278	3242.60311741485	1704.29183629307	2.54874270049704
904.710321134979	313.956460740201	2.00427196849788	4648.79985917437	2025.31195777074	3.8526857585257
1084.61270815251	370.710049357663	2.58354195393617	5669.29151321147	2510.1484641976	3.19996925916371
1476.93902357729	509.601074628191	2.54066668889175	9347.88424927679	4699.80666679756	2.32250544577445
883.321139743731	312.811034517095	2.02594773656393	4139.23320307851	1951.94719469843	2.51875306977778
1129.79830401398	384.182590786315	2.41384512859029	5258.48753201336	2652.53407168194	2.3762688768945
1723.8754838779	605.748084825117	2.10346786768087	14561.6782095031	7022.43658462938	2.69985641167289
1557.91608449226	460.807149911619	4.54726237279969	7890.07256984317	3865.48070926006	2.78266369853163
1305.49213778538	508.220615102448	1.63304105814828	10621.4316415096	4991.44400213831	3.67368218491516
1423.17345158438	552.180721000147	1.88541471483888	12181.7415079645	8236.4088976323	4.38429488604439
1284.03686893131	399.245966519543	2.54013411027626	6345.17076593578	2794.97194365133	2.57675486262121
2764.99942169324	460.336843206643	13.425623598937	28468.1991934597	4041.99058559354	17.8739810813117
2046.79585642717	541.211869566998	4.88190530757369	12569.0341744625	5272.64902760502	3.21980352105728
1221.87066072051	415.26012589168	2.40500237705694	9991.14848661201	3495.70416183368	7.04766643474288
1287.5816693757	482.221951211606	1.74527007559225	8128.73806446339	4321.18285947096	2.2735824764944
1400.39440993429	474.496760227302	2.03577611105937	8737.89747011562	3784.73359884088	2.85517821450136
1244.15524742984	391.13987620165	2.75545155976589	7645.70740382275	2836.35289381407	4.14201970797256
1359.99985430419	454.058790573457	2.58976442630985	7804.69555501284	4020.20666692969	2.56087624779667
1179.98386083829	377.266891756057	2.21807250956373	6207.54340225839	2575.73042709069	2.75925461208928
2242.89279254495	590.006777729394	3.50879785080688	19593.5981534452	6928.4635018217	4.77540124856676
1170.11263484271	349.098815359337	3.32116918090446	5322.04880264306	2332.85015259141	3.1886954289345
1377.27462008212	492.583148854898	1.99775088228137	9685.33632643078	4789.09113063676	2.59725479479361
1433.2453512067	364.21270744499	7.78854430723625	6365.72508028331	2570.10916262153	7.21866689926186
1207.75770508245	400.451365074011	2.22380286698422	6106.43378900403	3034.20762201882	2.43732525226743
1979.71530491059	687.539242661248	1.98630646339093	19369.8257192955	8495.75192564249	3.72970135951427
1594.81992981341	546.190466495	1.94453483448859	12867.7882150037	5154.5471699906	3.0336590024
1211.22708371574	387.46281131941	2.73826796037245	5955.58216556967	2726.1416453526	2.99528880879306
893.853863801348	352.109281074255	1.74081754411938	4309.40551823324	2352.47204133571	2.87758989953557
1688.71055425466	588.58384839315	2.21695721840843	14398.8224221784	6495.75834640173	3.30445637455208
1215.31260873203	426.666295174269	2.57987916944913	9184.57515527848	4058.41572803798	6.35307165573448
901.391276713643	289.752401951801	4.28747691854516	3625.17467416573	1975.29850082984	3.29465300708354
1245.56191934765	460.972349830753	2.18506759641655	8021.3778469659	4784.48972904025	3.05567004152955
1017.34997719056	370.668907617243	2.01192957179075	4955.34167414714	2590.67700124969	2.41005438347393
1765.98757059593	593.660090901531	2.19176570898671	15661.320057588	7180.57273244901	3.33979570440445
1949.65215208806	615.986923930676	2.90862451713574	14088.8213027572	6684.61093694289	2.69602835895922
1433.53321051243	531.353367807145	2.43752889274619	9882.17693517173	5218.91475878698	2.9488991309284
2456.17697406455	708.589478248027	7.80423644209677	39746.4586665911	13169.4853325242	13.3476311703483
1087.69552907598	412.581941506421	1.75931260021986	5950.76867334028	3442.91583542804	2.20216015984908
1035.65053411536	391.230420544592	1.74251315750206	5646.50039454471	2815.50658787215	3.55021039636601
859.153411480639	336.260383979806	1.6391757335449	3739.01149025683	2058.25554477178	2.2502729352073
1117.05415590717	386.353270544986	2.36123862591121	6013.64696606266	2790.49319759899	2.74826961743119
767.611162300144	291.559773908896	2.02236114907299	3147.1611411846	1637.62398273383	2.7523087615895
1549.53957698427	500.413391563445	4.10432191482243	9598.64344468268	4938.46774331978	2.80395965365883
1426.64689752908	463.294572909503	2.47022397630876	8989.12947025491	4053.11706306081	3.28417661358484
1628.98783570446	543.841309111078	3.21645673873302	28164.3934001094	7396.76277184804	13.5427682403527
1359.82258115171	435.300418600458	4.3324438702497	6862.88849655381	3405.49503951544	2.85433044614688
1470.90142927699	473.578946290148	2.40134749945365	8716.94681174903	4484.09583818869	2.80054949595959
1176.06035013704	398.424693958612	2.07848398652867	6435.69225538232	2876.91828916767	3.16576311188977
1141.44453535445	433.079075852696	1.72460615485857	5919.36966662512	3448.07340248214	2.16473395863932
2280.94843789511	876.196810131819	1.76812613663094	30100.9222764457	16484.5985767559	3.42194661556242
1286.78786932814	492.923728430104	1.99565884099351	9494.52227107681	4596.78827788119	3.63984259312734
2478.41405865614	973.684568695617	2.30838550467776	31738.4338391562	18403.8168707262	3.57727616690422
1127.45787071996	386.48443470173	2.64375570112616	6153.09215103546	2686.72089671292	4.34210634385044
1595.29924832676	524.580733658656	2.40489144691094	10909.2075605321	5370.4937431488	2.76100376121692
903.519226090849	328.82610885901	1.87269599224537	4178.4530046381	2041.65428595905	2.90363349922084
2503.75086265067	863.741213176675	2.10556953266631	27055.6387305716	14317.998077296	2.35634297295666
1118.87637439331	367.714267352749	3.2292506747542	6011.89201170286	2596.73841383939	4.1177182775949
1204.936370651	387.981300677275	2.62817021021407	6365.88457491518	2877.47616176736	2.95970231250903
988.244912700896	335.983301750484	2.02915987137761	4329.62053313802	2224.678284114	2.27980361275267
3062.03088557867	981.395685027859	1.90914977718057	46360.8985862044	21850.4922946621	2.47243648629837
960.794339208894	339.863415526104	2.23264718434801	4300.10860824426	2156.68995953982	2.5883590894617
1318.40706307606	410.440386053301	3.08283349202514	13018.425851908	5768.65804709122	8.07978935400751
1717.64688165301	578.451149963653	2.15754039052052	15081.6681667915	7756.27794432989	3.5556810970687
1085.3309773255	392.540442669197	2.11468498296366	6230.39757226339	3182.79836711192	4.05801926407188
1335.40808407623	477.910257454124	1.80821762911212	8029.05698300141	4091.43866822324	2.4993355417338
2434.20579667246	805.834671170391	2.49715999387617	24303.3471003285	12035.9515714505	2.79776824525381
1929.03675181127	635.84730257731	2.62618761642928	14874.6690500662	7539.67343438145	2.15546405363957
921.038146931206	346.211531628267	1.88317004030081	4605.5341817719	2274.70986330857	2.62801816306414
1374.02168940606	521.125723079816	1.86296238855669	9637.23538449329	5444.57408873838	2.59720913428683
819.073397663565	296.898044674971	1.90751495772125	3311.95943311366	1692.02488906086	2.84339314202899
1855.74951452527	623.719695542063	2.66409388565679	20639.0480210379	8931.12086376983	4.73104077190059
1554.46504231461	536.986633324453	2.01595018397892	9345.78361139176	5137.58706595188	1.97951710349823
1086.13979139074	372.180507812804	2.46186540209351	4904.72866146906	2561.74220161184	2.46480545191207
951.848687997307	319.964136127884	2.35184235642866	4289.15215578271	1841.96852134679	2.97816971001269
2683.48842890991	888.525301136872	2.60860667989418	33635.2259204764	15770.0110527999	3.37022170097253
1680.21567886157	529.873042353981	2.44841907248162	10916.2935773752	4826.17960238847	2.39419411081069
1582.48751847418	565.672704148061	2.043924575129	12826.1576159232	6096.92337464452	3.0907781144456
941.933691689268	327.784571295906	2.45727225543596	4739.86817413639	2389.54869314708	3.84561045528204
1216.95559686385	435.794167622849	2.04624889212314	6692.83099369259	3696.63120493956	2.34268293332816
1530.63660680464	432.543743746833	5.13934963182048	9805.91957178194	3464.22890444834	4.93799232731583
1035.86568405823	394.127942356951	1.69943507828446	5650.56761626626	2894.66812845985	2.71826241782405
2025.96165515033	660.310394450515	3.00390418038842	30981.5540139066	10436.2885501165	9.60062907958892
1271.3239600044	423.224356664603	2.53348943508937	6867.4019199427	3036.37947199125	2.74900169428381
892.409953068805	309.088662893965	2.00817784077883	4018.03365600098	1876.87527908236	2.7230485518698
1268.48522275963	416.514635492638	2.78999197451323	7319.64321798487	3286.55183428891	3.12741365261902
1196.38146273014	371.287750675477	4.84148734502263	7597.60937170661	2602.89899905846	7.94494883153441
1306.2283243879	438.382786656236	2.24675056697105	8210.74150370183	3721.65299522078	2.97644145827283
870.540960321454	303.589270006388	2.29453138770696	3762.75292938897	1796.73486946815	3.18472122046604
781.748299667069	301.179752800556	1.67481009058514	3270.12043242718	1685.02210403309	2.46078365969196
866.571293358151	341.379014039212	1.62457566667732	4170.19803132771	2278.92581256484	2.78027789624109
1462.90212877637	500.152943938169	2.20119651557006	10386.2024010151	5221.58813705658	3.18170236333976
1384.80957953015	486.802543224769	2.37389402570573	8974.80876667048	4592.83663545871	2.9879737102552
1044.77289095443	396.509702979918	2.02640929098354	5607.82704532995	2994.51377282974	2.37166586646341
1243.69457728627	433.868175394798	2.1474292447968	7904.79753633811	3494.80008318065	3.52805848323381
1217.84515609138	399.224562727621	2.67044145761572	6295.56485465165	2956.45934467677	3.2169075643935
1675.48117031599	570.155047426961	2.15877418553531	12639.4670812999	5902.48568251616	2.5927960758766
2291.46033524815	804.092060050658	2.29672010062065	26509.29498824	12148.2438951136	3.5561567523118
1272.68175595504	465.283192113306	1.8027079513667	7814.50044217554	3855.5879337391	2.43346824021097
936.19002065128	337.540960500287	1.96499309833801	4676.27907937873	2221.06039863452	3.07957552982476
1467.29068359805	573.590015239827	1.67372415260571	12724.7150971746	6810.03117939422	3.38108819776364
1316.94617352129	461.852576394194	2.24700471130503	7485.06780554085	3860.55559871488	2.32072067152375
910.912536202062	313.701727132491	2.41179531090714	4204.11749053745	1922.41370509468	3.83635749209613
1411.28699806215	395.685160523632	3.89715275693959	7334.75744745789	3039.02228939693	3.41361112492865
1155.26441876053	381.323299634187	2.51733799755858	6340.90348894192	2964.92916734711	4.84748002295296
1323.43100270386	490.674892228117	1.62841619649132	10395.6463217113	5062.28772105823	3.42243685118203
1466.33512012993	459.439452707237	2.29996331495695	9498.22277074673	3834.37769347411	4.56370681970504
1350.37648158673	427.490053661278	2.24702428791742	8679.52384215709	3322.49464370312	3.15260511323819
1070.68263099329	334.421602564052	3.40013962372476	4869.49264451906	2236.63432426998	3.1286605500343
911.343423402914	317.882246486605	2.30421109974623	4148.86021405148	2080.5972856911	2.80312154255315
1111.76438676853	386.321884235428	2.0246878412178	5764.01449678988	2639.7051286396	2.89428725331957
1359.78380922444	453.411723538603	2.65974740061626	8871.10186445838	4220.40363338983	3.17988239983413
764.210413117428	298.507835620573	1.84143423066246	3141.41252435441	1756.08077130036	3.28240558629731
981.263714035872	349.545241991043	2.01494394390502	4505.90088782095	2227.60370242334	2.70069083359882
960.653737237319	351.89691662354	2.19468360907927	4921.12187870948	2681.90535696672	2.7311232428846
1548.1567798841	484.998278269764	3.14808873700266	12287.0694609873	4429.34573993391	4.85381148256709
811.582067574996	296.427737856575	2.34200483571282	3583.16655613697	1768.55947878786	3.13248385984348
968.21957036796	350.756946673149	2.02443884856566	4468.67182805852	2278.91989708074	2.36990733478627
1545.60075668078	524.613849371085	1.99198622183335	11574.0346232977	5030.87293147591	3.37212772470916
924.362378296078	349.701053685428	2.57262692389862	4079.01732589541	2310.38611404713	2.75534864564262
2117.77010232255	705.489607752854	2.38687986898631	21017.204674893	9632.26360863396	3.15882574196315
1561.94153881125	449.947820470471	3.91194700332609	12812.5867099621	4099.2387890059	5.85788535316411
1052.79800446493	397.613071683177	2.17087847073854	5743.31047898432	3267.97666658914	2.83023236717295
1351.77614708314	478.404351207888	2.08435174351326	7411.2513041752	4376.27452399295	2.06379425989253
1176.63096738554	442.001365836187	1.98345985480112	7155.59811186742	3982.14435376911	2.6540817387442
1355.92656764961	403.817756320308	2.40380750609417	7406.58971124591	2847.87501993747	3.33109483963458
1102.30989966435	395.052232977998	2.02149504088661	5842.41468278939	2919.43808617528	3.10718674099967
1514.51847771726	428.589155093638	5.6849690403269	7780.35660095565	3144.26166617199	4.23464772229173
1227.75652598777	441.871240545708	1.9250202637143	7258.9303399207	3574.74189320983	2.67122173119049
1089.24461526056	340.716013155147	2.65736327542051	5936.71736465111	2282.32617876729	3.51445899808092
1149.10156447749	367.806761141481	2.99551119987622	5630.50165239499	2596.8744890289	2.54007968561323
986.088813365947	345.15543427376	2.91600814211364	4265.65178742086	2265.07815786638	2.65310681508997
813.519740709297	327.62654232581	1.52846820375061	3560.74102894745	2050.40410323094	2.31668074529819
1269.74898525667	403.791813379287	2.45992994575171	7198.52109461901	3719.66594626969	2.86956271168172
1325.63090273942	443.759484367025	2.7983133629349	7533.6820104832	3760.94775484338	3.11811437738938
1418.97844083219	476.574805558193	2.35001464578217	9287.75223916146	3855.57671528158	3.02498704157671
1086.95715762924	380.030993366742	2.68822996006881	8920.44546619895	2803.259662185	8.85090838498105
2525.34674907921	918.675748717252	2.13656015796564	32834.9918003412	21553.7513990162	3.47736966165248
1033.08165800448	356.604726524623	2.430018088056	5817.33562224361	2504.18240989691	3.51335987519511
2713.28412829133	795.627806343149	3.25885439158201	27941.6620616715	13742.7541240599	3.12787187270049
1133.32159210381	400.099370935849	1.92371068800557	6641.42202236412	3074.81381070133	3.01157901390756
1124.90587649314	439.183682329423	1.63771430090297	6730.34097195266	3665.65117400512	3.08811169649944
1266.70537979169	377.868558626678	3.49901573906333	7251.41460337616	2688.9620242281	4.41705327071355
1689.98460860525	478.180945632625	5.30321040518984	15024.8319712637	4370.43995417807	9.59715824850494
1075.73061255286	350.955010443107	2.16472456314201	4941.12228706589	2155.45611299961	2.72101418252977
1829.20485409579	573.411350465143	2.31817172914917	16733.7661275889	6263.54754886206	4.86802428385002
1261.3359294047	408.357507527421	2.81899537005595	7008.29071974985	2958.24891842106	3.12307912536565
1148.07566751631	385.461528594003	2.67613328249085	5469.73282802085	2892.4553199557	2.83990756407758
1201.44790196437	369.411365679793	2.38816445187664	6348.24055889935	2543.80039034682	3.65217023345623
1056.90314919763	398.120822639877	2.00187432464039	5343.61958785349	2936.46365594697	2.37764545485099
989.834151139966	328.674421698548	2.26231025041853	4403.15520448035	2068.36149362557	2.99089919672575
1572.12164848856	421.759578601715	4.22787312304807	9080.9390609697	3427.8020453817	3.43211381807976
914.685219866142	348.361991443372	1.87399424669406	4564.91489990159	2214.61378863672	2.72731158351827
1212.00779693455	405.971113889245	2.08790357420972	6908.13522248887	3211.17436081273	2.85424368313958
3311.43606539773	1074.55343171086	2.54769025466956	64652.2999116305	24759.8802944783	4.84547479043992
1316.40902597911	473.656991996215	1.93649382954396	8630.53735593749	3916.60311042702	3.20450693987377
1149.76494117425	403.229614462193	2.22581600106671	5627.71505087541	2884.35641052512	2.44374337329035
1415.1626552517	484.042126531287	2.42882786920528	8543.51896158622	4228.55264005151	2.87384687640464
1162.22196940237	419.445604911761	1.74231267809112	6849.07703647339	3298.58550393294	2.74625887989841
1239.87247876469	428.522418967434	2.07914963310057	6815.93531823762	3254.33643057397	2.71578982405537
926.241963357076	355.805294468684	1.75384766322505	4497.4697365863	2468.28254987062	2.29422077851585
1024.5888832035	355.674314725178	2.48551621258773	4612.72069798635	2288.55551218544	2.86904310199156
1225.1506103887	420.929684352224	2.10760717092165	6780.58450811915	3124.89881910324	2.7461040161779
1085.2677266473	365.333801910455	2.62843044281426	5261.5303182798	2813.25220700482	3.01411563744247
1471.46615548054	310.621717677931	9.42780257262792	6274.99110494793	1744.45415699818	11.1581418079001
983.469684610597	365.123061285417	1.8347749668351	4739.43528815319	2564.45772764116	2.41357876768125
1882.51600206017	662.589180913249	2.37093577471336	16053.1394468806	8108.0772201839	2.81056461510346
1392.88516887632	443.551978346337	3.61992536783592	8923.03346201914	3860.88891127472	3.14747367552009
860.419156247486	275.162214387729	2.47256304749273	3406.61442389004	1560.90578551841	3.30803906103527
1879.20973521162	705.48487898584	1.82879527600607	17264.5623832888	9694.94654117953	2.68103861464354
1532.68195176734	490.36966942209	2.44069445077218	12531.5915497494	5286.38890908068	3.94058711187093
1051.54995296432	359.432614568895	2.02209345934024	4911.08404857049	2321.59136868173	2.57423431855025
1333.49683681588	445.123029838506	2.56749216931592	7885.85336011299	4094.12675929473	3.45009205776535
1102.88307432098	388.7857848316	1.96705152288474	5533.71275515903	2743.99368942267	2.38030419596935
944.107999099364	337.205568349306	2.8405552708569	4744.54101224501	2156.52271639119	3.39723906061719
877.256943000104	317.969033937563	2.07710819196345	3672.73225740983	1876.80620268348	3.2411650486352
1008.58629470425	336.199489858473	3.6817128595912	4434.1470524881	2192.79159300804	3.57151330589209
1458.94036386721	487.293445969664	1.92671444724861	8700.65588114494	4037.27671135516	2.22244592837887
1793.80396741544	612.180974786624	2.67061427447524	15583.9063814274	7080.04721391792	4.86619988914383
935.946271971238	348.536813793124	1.81649711058331	4689.57903812163	2422.69408581916	3.10160291636926
1008.25692124251	362.859920495914	2.04142120011514	5573.23005656728	2695.00739474612	3.66703745852428
1016.94665966232	387.868063244337	1.7738809307993	5797.4394148716	3087.99940428433	3.505254383081
1485.14630084127	549.747820416064	1.75960588383627	11868.3470841999	6102.23825108658	2.93727474848789
1129.5421240962	311.737912142295	5.29086460083375	4796.22287118393	1948.02810194783	3.77983808999782
1363.68378918453	441.439325372745	2.12171544035919	7920.66034045983	3413.79337390948	2.76126396349785
1258.96994716777	463.797260707255	2.375691331789	8950.81508313852	4538.88076302289	3.71520373160607
1172.14646967094	372.384708380443	2.33246322228731	5936.81588878194	2513.82860182858	3.32183900601547
1421.668061182	491.559611285158	2.05959080142402	9348.86840352898	4505.22835514847	2.90220652988656
2869.1282743788	721.513083746987	4.9548967828788	33820.3006433807	9566.85079969406	8.54377620772642
2030.34519901618	726.786029945921	1.8471679434505	21195.5037907673	10169.9272625673	2.65212129641177
1316.69196298145	500.253592439064	1.88465391562695	9064.08910069059	4970.99473265008	2.56748831544917
1042.20900834392	375.771339910925	2.12226455024591	5909.97042146044	2599.84500562316	3.23013768473983
1393.1919293468	513.104439647575	2.16933133618118	13331.1954157188	5509.37798905607	5.15443868262828
907.417492305665	346.685279059029	1.73047832134836	4367.39388955629	2302.65386266039	2.51940370436181
1444.20591176221	536.505182250909	1.95656269678163	11377.032584735	6005.46091932637	2.86122062243343
1094.33965379328	388.663182233465	1.99119660438071	6280.91312782805	2901.74223876555	2.88425044306733
1772.37001232178	597.270022181622	2.41535698319841	13977.8437938777	6269.76851051815	2.89261184325219
953.651340762792	342.520763543586	1.84838508150336	5277.17305226198	2418.99175165214	3.47127742179717
1251.19285124519	435.433276483599	2.05844472369963	6638.48110639369	3735.98938174265	2.29400918279903
1726.03143976062	571.129871622107	2.4228388050029	13498.3925825472	6628.14390232795	2.88509601838317
1881.38429489641	633.099192497883	2.08487198075184	16549.7074433395	7950.14813692463	2.83272321394492
1789.63835776209	571.775549962762	2.98892109188472	14748.6864062565	6287.73555780891	3.34839743909377
1091.15858083612	356.965631856225	2.587383847876	4999.55464359529	2273.64613007017	2.8935938368413
998.262512551082	368.944189638858	1.97251524718444	5458.50342713245	2769.09031379785	3.12035737850958
1356.37285948631	536.710807779354	1.69057267124465	11334.7544479532	5811.0678887932	3.43747789466965
1731.3373450344	673.608401444378	1.84084930119542	19057.637524497	9964.98691538143	4.17908011659759
837.352125907701	287.682773704087	1.9487111825085	3455.61042568409	1686.67398112567	2.75362529659524
1131.95290630673	378.717535383443	2.98790739834832	6171.02280699713	3412.17950498631	4.49229463474644
1134.75336009474	374.861949462226	2.9496161708204	4982.0923044109	2533.64725266365	2.28104629021203
1035.65281523052	337.461154763787	2.65588530108075	4418.11148222287	2153.27294382511	2.53882328415101
921.769446030315	335.555996130688	1.78562682136551	4330.89163254791	2151.58210611784	2.60833369446873
1201.09053831434	403.457532895916	2.42165780786401	6476.16555055276	2986.92610475707	2.57231897804952
1122.10076375306	413.899276538134	1.84318956385854	6537.96176107875	3463.62672228774	2.62694906602015
1365.62148330038	468.398271980068	2.13359966342278	10539.1345177381	4233.81089853631	4.55042803290439
1328.17732869592	368.377445230059	3.91140961112347	6175.63733987744	2465.16624236075	3.10751777485345
1522.84893876396	497.957575994499	3.23119667250299	9970.39488764523	4395.53921281378	3.93909605760342
1304.94423834816	466.031688608701	2.18316889862434	8403.7853189853	4403.68633123693	3.68406485568589
1361.42424528419	445.326503889491	2.75798551286976	9823.87915357964	4544.91107795029	3.8276464722168
1584.22835645738	558.622806066569	2.48485174283157	10375.1249876825	6313.67589042098	2.69426111148571
1822.12564565901	615.98815171848	2.0077595616724	15679.9884618028	6784.67149501015	2.83078464122778
1321.52321572702	429.818178643141	2.50380330989245	7304.58955834063	3441.52034771753	2.81036012220545
1594.61099861089	548.592633842421	4.30113622221227	12270.3102327574	6269.88586830738	6.61285917581484
1263.70489590543	451.272856472954	2.08057899089928	8369.80798748719	4183.89984628243	2.74956778920836
1501.77223325425	470.731938263026	2.47533657346605	10853.9157375244	4042.99731427435	3.76963634673072
1443.24345731926	473.396169774489	2.11648009703752	10350.8499588426	4218.97187363986	3.21293579141263
1403.30584805621	487.557796575635	1.94487485602791	10306.4709807426	4501.04879142262	2.92186197563315
1520.22739737391	550.117111353177	2.57671241003855	13312.0011674502	6667.62751366349	4.21825216338854
913.939927303093	314.063111495673	2.03679095790917	4094.5857955738	1976.6636707557	2.78966059853808
1344.49987468402	457.243324217705	2.75167621958247	7660.5548775059	3868.37979644346	2.37745246864605
937.312742868149	359.61134062592	1.75823919080646	4569.91455392116	2425.26276323522	2.51789143683763
2025.37901636605	686.755967536475	1.95996942220274	20925.6268243911	8783.93418390286	2.78653541010261
1071.17219557504	363.524268657204	2.63843288173617	5031.99048875114	2508.30708327415	2.6800420482539
1142.41407636768	376.553574137646	2.18353690974538	6659.98044845266	2923.48176413895	2.76130091269634
2554.80449391444	794.70443492529	2.82692730396709	24550.6040580481	11847.9650394877	2.63902550601689
1880.17580206099	548.358771011703	5.70540835296539	12112.9578820338	5464.18548149057	4.4687444853119
909.877961372239	341.101155378396	1.76169971418427	4445.77864055423	2308.09941936549	2.71657907603203
1141.1475473349	427.120702786026	1.84814658850771	6309.03245477113	3461.37668837026	3.15949411819088
2259.48945717811	713.136505586576	2.90559184675339	21911.3024443731	9421.28179949829	2.88539373047525
1075.31252742777	355.979701957222	2.17471368983682	5331.1910832432	2256.6888699361	2.92066800750497
1903.38830021184	628.484493614361	2.81421228207877	18013.3248310505	7302.44144189292	5.28466865870108
1235.11533378798	449.207205168505	1.93416081768696	8322.18703630625	3812.89339319986	3.41750210284067
928.434382950252	314.837274710318	2.12391395170947	4244.35409397218	1819.84201281058	2.75415056582915
1201.70969012861	407.177335747196	2.51942607555727	8799.93564374196	3378.73551297893	5.89384882727049
1134.72945428769	356.568392234454	3.67462198116506	6169.93014722871	2362.27964042896	6.71638853700935
1293.31714845873	408.967975847593	3.16665928263378	9873.58847458367	3221.35148682231	8.36830406408748
2985.08908261449	874.552203099749	3.91992711487229	38166.6726890549	13863.6561978678	5.63063819946388
1548.25865219683	512.374204357078	2.27574910559806	10010.0379211724	4623.76245530005	2.69026053486659
1385.96171144392	392.830343425226	4.86216650531953	6815.72268595831	2704.79047299046	3.24861065330947
1057.18960519411	338.474311730968	2.43819970757172	5398.90543425676	2116.40207562738	3.82765411038158
1087.67735980236	354.65919758172	2.47479791173816	4860.97794919704	2322.52910518832	2.48189421644373
1342.04024932111	453.440414162505	2.34246449487586	8147.183011542	3789.49199761587	2.83498213233335
929.783288350297	315.953313126021	2.25164896246362	4219.01017744706	1859.41018889115	3.30505572906209
1899.65442351112	644.903412571828	2.04833862374981	15564.6803368909	8357.90446220652	2.14369824596613
2066.14697214932	402.63911416681	11.2964180976874	13579.5864237377	2761.87965716663	14.7414787989923
781.162533160326	297.206610447257	1.77227975490259	3263.04512669067	1767.64729094677	2.52282380072715
995.262121327042	319.170868002403	2.48895049908996	4726.741313772	2031.18131100539	3.17070433726181
822.458795950265	287.245517511481	2.20538645218168	3430.53596402694	1600.92709025235	2.81834174605362
1443.78422774353	505.182239219709	1.90582798855186	8168.53393971682	4597.90533657306	2.0346668760277
1522.17325671216	539.230090407154	1.83173678928601	10953.7052620493	5316.95848587744	2.58218034716927
1127.70416297006	387.523086382613	2.03384721939462	6885.5387596884	3539.43246739738	3.19863196667116
1709.96424748799	584.966711190821	2.45813440348207	16078.1564998283	6583.18300549122	4.96105939501394
702.079324495045	255.223508292839	1.99761557593666	3037.12657139251	1371.77614373101	3.46579279871336
1331.68149044849	410.45556719654	2.96788887606197	8513.83630484675	3326.81258688017	3.61720948721052
1411.40175331944	458.39315018634	2.93536154317577	8020.94682633149	4078.96975969424	2.49473217520829
1009.05392393643	357.567502475896	2.2495680451459	5060.04676401289	2592.33581235901	2.87509916300078
1353.13904810702	432.884571773437	4.79409482708892	6403.67038253847	3295.21923624484	3.24211909515766
1075.30409076039	379.217388268294	2.24130962965601	5130.49355654781	2542.10555557953	2.55006079776969
824.520079682485	316.53646077319	1.79813097052307	3668.26697334011	2073.61831846708	2.67470787240366
969.370902479349	336.401396035638	1.93925000625262	4711.2730886421	2131.64902860759	2.80703137219363
1193.24843297673	385.075807736521	2.8846078935838	6291.73138860404	2739.25278258521	3.75232965158072
870.855673692118	325.495952961455	1.90618566666004	3778.45267678777	2060.91373719344	2.4356579961438
1416.84051582304	433.943636152766	2.94876298217073	7365.18506616205	3376.3327373191	2.5447326355757
3369.61571892029	1058.19150736007	3.42684432790122	68491.6889386775	25245.5035750971	6.7485501366574
1930.4654315711	657.811550983717	2.30889174850504	16639.5928078215	7683.42692546864	3.79813810747
1376.84859096787	439.448107404717	3.32015561983129	8811.28712508468	3507.22353348656	4.22194156878907
1161.39699642748	394.083901737429	1.81598083556196	6345.27972231194	2781.51121870403	3.07511011886213
1080.81646806177	387.404076511247	2.38413233453173	5217.98789374923	2625.48994476207	2.91781912656469
1861.26290303274	614.693549221922	2.2510573680916	14474.4823414715	7057.24747143559	2.41041754026058
1161.38750789012	378.527410912762	3.66844461611604	7483.32451472416	2661.39045041808	8.18810338432015
1117.75956450353	388.248965938852	2.67807471559321	5689.52864265748	2752.16776120644	2.97275473717082
956.025790110579	381.344331135436	1.50991815648047	4878.05678390563	2980.8994242465	2.40782266827885
1163.10928246489	398.66814683623	2.63680085901489	5205.87276631207	2813.01599997378	2.06666983859161
1984.93041095989	661.084920222773	2.27062778763613	15427.3390934646	7405.38033738741	2.36502244685151
1196.50337868536	398.498649269548	2.25063697657182	6943.95403628446	2861.08453668278	3.15209068371995
1689.49116991032	555.431227130077	3.42283699046308	13082.5566507168	6001.49798664556	4.39332861739025
1170.53739200215	359.241678375793	2.36674066688532	5629.03075287047	2352.31565689897	2.78626595653632
1031.22555881151	357.316263161799	2.81554215347927	4340.68736747577	2302.43482845092	2.40510785844582
