time	95%HPD_lower_value	95%HPD_higher_value
2020.66621616542	76.1188266357199	113.374251740776
2020.67392129655	76.6604577109202	113.680797026851
2020.68162642767	77.4733532503487	115.210524391138
2020.6893315588	78.5245849466127	116.559805085193
2020.69703668992	78.8047763661551	116.707790424266
2020.70474182105	78.9679040332989	116.837999591861
2020.71244695217	79.2867840694467	117.290579513383
2020.7201520833	79.799802484746	118.896634992661
2020.72785721442	80.3009926901586	119.702640932948
2020.73556234554	80.4736270398825	120.179309483617
2020.74326747667	80.5357047800095	120.525640937497
2020.75097260779	80.446309799128	120.421323825233
2020.75867773892	81.1128790003318	121.587535774031
2020.76638287004	81.2437859250986	121.676467910619
2020.77408800117	81.1237166498657	121.500377550936
2020.78179313229	81.0611261087876	121.482469217985
2020.78949826342	81.0774740341577	121.490085302665
2020.79720339454	81.032381307358	121.462130228327
2020.80490852567	80.9610119089869	121.437160718238
2020.81261365679	80.8812434786069	121.457566506597
2020.82031878792	80.9138364428665	121.647160353369
2020.82802391904	80.8784983978531	121.876590617876
2020.83572905017	80.8397254257445	122.046300344197
2020.84343418129	80.8149446153552	122.071248205381
2020.85113931242	80.854178280407	122.122874751385
2020.85884444354	80.8430538169582	122.170200686194
2020.86654957466	80.9145778091118	122.464862743601
2020.87425470579	80.9395521223597	122.719315338147
2020.88195983691	80.9671560422022	122.960925734081
2020.88966496804	81.0491831916326	123.16871476134
2020.89737009916	81.1435517290125	123.399429492045
2020.90507523029	81.2315388855797	123.664089787915
2020.91278036141	81.4146301185314	123.951907521526
2020.92048549254	81.503610825303	124.12908521243
2020.92819062366	81.4940464168409	124.120578770347
2020.93589575479	81.4882307787796	124.11540642971
2020.94360088591	81.4882307787796	124.11540642971
2020.95130601704	81.4882307787796	124.11540642971
2020.95901114816	81.4882307787796	124.11540642971
2020.96671627929	81.4882307787796	124.11540642971
2020.97442141041	81.4882307787796	124.11540642971
2020.98212654154	81.4882307787796	124.11540642971
2020.98983167266	81.4882307787796	124.11540642971
2020.99753680378	81.4882307787796	124.11540642971
2021.00524193491	81.4882307787796	124.11540642971
2021.01294706603	81.4882307787796	124.11540642971
2021.02065219716	81.4882307787796	124.11540642971
2021.02835732828	81.4882307787796	124.11540642971
2021.03606245941	81.4882307787796	124.11540642971
2021.04376759053	81.4882307787796	124.11540642971
2021.05147272166	81.4882307787796	124.11540642971
2021.05917785278	81.4882307787796	124.11540642971
2021.06688298391	81.4882307787796	124.11540642971
2021.07458811503	81.4882307787796	124.11540642971
2021.08229324616	81.4882307787796	124.11540642971
2021.08999837728	81.4882307787796	124.11540642971
2021.09770350841	81.4882307787796	124.11540642971
2021.10540863953	81.4882307787796	124.11540642971
2021.11311377065	81.4882307787796	124.11540642971
2021.12081890178	81.4882307787796	124.11540642971
2021.1285240329	81.4882307787796	124.11540642971
2021.13622916403	81.4882307787796	124.11540642971
2021.14393429515	81.4882307787796	124.11540642971
2021.15163942628	81.4882307787796	124.11540642971
2021.1593445574	81.4882307787796	124.11540642971
2021.16704968853	81.4809212029743	124.100339481279
2021.17475481965	81.4888052878754	124.098740302409
2021.18245995078	81.5097554720762	124.111309592112
2021.1901650819	81.5307220818347	124.123888581374
2021.19787021303	81.5517051364523	124.136477281576
2021.20557534415	81.5725459847538	124.155225961421
2021.21328047528	81.593261905703	124.181553290005
2021.2209856064	81.6139940999817	124.207901364116
2021.22869073753	81.6347425878405	124.234270208227
2021.23639586865	81.655507387071	124.260659847203
2021.24410099977	81.652849651201	124.275653106831
2021.2518061309	81.679426819026	124.326443394455
2021.25951126202	81.704682504807	124.377300549948
2021.26721639315	81.7236764794151	124.42822470413
2021.27492152427	81.7391198659222	124.485735897427
2021.2826266554	81.7685616213951	124.544102738339
2021.29033178652	81.8146749530891	124.614167525494
2021.29803691765	81.865028948529	124.685151400937
2021.30574204877	81.925403470527	124.752467389269
2021.3134471799	81.9812576245465	124.782888230966
2021.32115231102	82.0288162676921	124.663163218703
2021.32885744215	82.0949494406747	124.655715607195
2021.33656257327	82.1731535975761	124.766937699465
2021.3442677044	82.2613932507998	124.894587913711
2021.35197283552	82.3507848659778	125.023531699312
2021.35967796665	82.4445664032456	125.090618179591
2021.36738309777	82.5466587858727	125.114553519814
2021.37508822889	82.6296868763658	125.131162089011
2021.38279336002	82.7361744202606	125.190311768733
2021.39049849114	82.8666356875552	125.103788590305
2021.39820362227	82.9365036565583	125.010541704144
2021.40590875339	83.0701844745911	125.05918371855
2021.41361388452	83.2695825646897	125.172950844408
2021.42131901564	83.4902325339074	125.311655690632
2021.42902414677	83.7456474674011	125.454682110107
