mean_branch_dispersal_velocity	weighted_branch_dispersal_velocity	branch_dispersal_velocity_variation_among_branches	original_diffusion_coefficient	weighted_diffusion_coefficient	diffusion_coefficient_variation_among_branches
424.076114541849	100.90493058758	5.59744696933855	2141.81075390283	732.284006203328	7.72386338751669
311.872619229146	84.0902231045906	6.15111558862431	1463.81769290575	526.175900675092	7.92012510528051
394.760481951477	93.9116456181445	6.16039370365227	1770.29319821337	603.066039544877	8.08594332617661
350.633782141343	80.2786140526589	6.24043722294567	1321.87976219745	477.114022046527	7.6498462390918
348.700958911606	87.6206324624947	4.09038255586198	1434.30573991664	549.218316746138	6.60861607715748
352.308260916952	87.5893328000759	3.64387013304757	1376.43575187262	532.761535195551	7.35913289359733
448.39778055019	104.484420949928	3.92245864400404	2068.36428633259	641.46662702993	9.08774714002801
376.882718778779	89.4903426850744	3.76304726932714	1416.18752331292	547.139814090452	6.53393923254001
344.449373775838	83.4871152886656	3.7434555373357	1261.41086411073	499.53985490389	6.9895689348064
303.531170748252	86.5164231222682	3.02023481263566	1121.0693616317	516.584095438152	6.45754610502644
299.074345110846	81.3636589190978	3.75674407356194	1279.44474625664	480.060947067156	6.90939959276105
478.684218107264	94.7637372620764	6.89120136008279	2094.72515132442	579.404350095945	7.9953936344629
385.481622348432	88.7177613427354	5.04572863466218	1630.62558745331	533.823901157334	7.61663452606687
316.160579240484	79.7413323877989	4.11684422750209	1368.02785483408	480.860147323676	6.91728786357343
319.062180834684	88.5484690322618	3.53767350117432	1273.92377225949	513.224479211885	6.98448012555374
337.294422240507	84.6956227947855	4.39075511886362	1517.58485860501	518.518173507719	7.22192241242382
310.156652510546	91.795877748361	3.40330718137208	1313.82142300261	558.010320531555	6.75279505804852
314.269979191929	89.094778297937	3.76155686854348	1504.61968094929	575.581887631853	7.34092873603657
370.37374302038	89.6658849719297	4.36861878736597	1638.83162736101	569.05608168467	6.08540168747445
326.247494990951	94.0052733579715	3.98631990802512	1632.57792818066	699.087977680391	6.76529437565522
315.699966559211	84.8341713772193	4.5740305104494	1307.10479520745	518.013958408852	7.71675281102135
299.146292470328	85.8839150030095	3.37288861317393	1229.14759456973	510.118903980464	6.71496121643115
293.353813734348	84.0487161295604	3.79130172842039	1243.18608385113	503.877675658255	6.86913186900237
457.897371847281	110.935014465019	3.75722752908512	2110.12535111976	775.937688163713	5.31300046979265
384.599059119206	96.0621725041285	4.76183311372677	1811.50590906458	630.119850337045	6.11896665081406
388.475381353318	89.4626984707172	6.11797514352856	1868.18103455539	578.859711075752	8.92667961699567
468.756554911542	92.3563481258067	6.57954797619339	2166.78621199565	565.729610190149	9.39738024352689
273.313899035237	80.6945330324802	4.5253380828002	1259.44526036938	493.031963135571	7.58623960335133
328.515248663356	86.5344971252387	4.23914157084033	1475.53558362372	521.028039789439	6.9232211307135
327.92606849361	89.6123276796271	4.11975984062098	1513.49846491612	550.84130550207	7.74256941543411
424.065743296153	96.8659228316781	4.12961645879092	1699.71047836201	585.773773529061	6.34104609962864
287.205584924424	88.394287145129	3.25762234928883	1148.22911693986	543.991644480535	6.61417718516694
272.481975540017	86.0535241733741	3.67002547060306	1220.88413301318	537.935995150975	7.85336918476283
308.530825846141	84.759016646564	4.53747838481307	1264.24291766709	525.615638427669	8.42099417369805
526.298096566677	91.3814522550042	11.5536572581604	5750.90662991874	575.743664072353	20.9291912028519
525.94063323183	129.09840221082	4.60521876422102	2990.61267514653	942.914085542324	6.69809726921698
372.379803323413	107.887656514682	2.75259805033112	1770.26860262486	783.566991925846	5.55552339025133
274.643502375279	85.6734467133471	4.01958933248146	1159.25859464253	527.150996667568	7.47142743638437
556.799886439798	126.722814589437	4.85122631060038	3206.83156404525	985.931739743878	6.05273849061753
253.114394025222	86.0815180372035	3.17497685562791	1125.41767525243	539.28630941405	8.07926724954876
288.42760096657	87.8630362198711	4.4215202217871	1352.70745131712	551.491342269321	7.44375106506843
233.819446407237	82.0852226394678	3.69860124034365	1125.62998137029	517.966841072922	7.86543063597779
221.141301459195	81.0838119809138	3.35070102561262	979.255447358863	492.942421511855	8.30198768105106
274.79568466838	87.4831535920753	3.57503333917088	1247.49243487282	544.09393981187	8.26116255296034
250.655631819354	83.9654288383469	3.51571460464282	1085.37792863745	511.761791962373	8.32283082331145
308.935242825011	89.6865883493255	4.40432376288842	1337.47857986903	564.739987305173	7.2408066040731
244.156991873381	83.6864219377634	3.19197931271636	1028.90476520482	492.339723783511	8.12513258341427
290.428212479545	90.0970051339236	3.19605070084007	1319.36940487624	549.576719016607	7.26171891380263
643.729737050247	131.252253545876	4.50660942279902	2894.0510706072	883.357817935261	6.50765177921239
363.710773823818	88.8262508076286	5.09787298764681	1438.48166176857	548.462013021427	6.67314798719418
365.742415751068	95.1736147217022	4.62565069643863	1997.84228082038	648.733843135287	7.23033361652553
343.60236767806	84.2140740844941	6.10901659158218	1257.2308502467	498.220744590689	7.80824528440718
318.144034309619	88.3149160127021	4.81306351936909	1167.87725459422	550.340760602349	6.85354871976418
344.876383291876	88.3953823042315	7.13996274883099	1284.98870530639	556.819828198263	6.69100738769196
269.571329220728	86.8683800867072	3.09423825116184	1234.89382690706	546.769055924681	6.47382037483461
334.024932027648	89.8034383508158	4.12096299943039	1494.98366260976	552.193081771183	7.69303525652495
433.968496663588	96.0909596111118	5.68190972576587	2040.6231075721	600.287567185852	8.43377083609791
371.30701778594	91.4561520591495	3.87511642518271	1427.90860008134	563.270593531462	6.08105551311094
273.123895464683	83.8781812169372	3.27352794908152	1208.9162441451	494.004414392582	7.51578944734961
1157.98688688455	231.024697329006	3.93488020801684	12092.1856728404	3260.65833816017	6.36761708529826
791.555174774349	114.760487634908	11.1353352441033	6799.91821611959	867.393635648709	16.3467828463515
328.747699186437	83.2769716224801	4.58766063373186	1313.18228683628	509.533446979117	7.03758829378546
388.855766429944	102.867933960993	3.63801716520204	1901.79701242928	727.817638294776	5.640653230203
332.24624496538	90.7234878401221	4.02151825049485	1622.88737632454	548.715660103896	7.26044354997194
371.53289550592	86.301892494007	4.89872101966795	1515.75540645875	525.797346531363	6.56647370545463
530.019776781135	106.165062846141	5.26182799656446	1980.35878991171	675.543503559788	5.63499455022402
309.306306722211	87.7922184406785	3.19497663961879	1335.68385961057	536.01626613579	6.78131001046822
283.362481096029	92.6581219251995	3.04594174884439	1480.43632561901	585.382462085416	7.06952581175296
335.035518530485	88.2508165043714	4.03986022839464	1400.0393934181	517.920711410169	6.8844891641087
261.663477585238	87.8148827181784	3.28337830958782	1341.2538657799	615.597453853607	7.23752304276091
353.855328724999	95.3112038835371	4.46744892472214	1774.37586149727	596.135043388155	6.696253866039
284.59859311342	80.1578285873882	4.72060646157096	1254.12567221931	474.233028928335	7.20660364394787
279.787608348953	80.888947022728	4.21831329447471	1190.13823703458	468.293533609176	7.23510884730186
303.428108255401	86.7729438573149	3.63062858315924	1292.15767616718	512.375973356185	7.29992839736283
411.295066819902	97.3675581367999	4.50370014202117	1636.25136823361	660.410724406207	5.23828843575632
260.93929143045	79.6382069824041	4.0222624019978	1089.31782753749	490.656920679036	7.87373017639643
360.726697836713	94.9579092135793	3.3776244031848	1507.48578420481	661.223644075419	6.36106726872503
319.109274906174	87.8715006592044	4.03752744460986	1323.22268607981	543.279728977385	7.54026294912325
328.842292477623	93.2111400560782	2.989377103721	1389.90469101838	586.529409517001	6.95486175595645
385.829657326016	94.3500040897752	4.60293022424383	1586.97613798868	576.451477356196	6.2453334933303
332.43317057438	96.2427899710501	3.0793041859151	1417.94931264373	573.526167134375	6.09570025588553
729.588071722805	162.509004927817	3.27899168587328	5130.50532818086	2021.20689466128	4.74783000769271
322.112641858981	91.4333218586727	3.57842372699026	1281.29545650194	570.871862716035	7.31084826352822
251.163532482373	81.4975755291924	3.48702908662293	1144.00916655811	507.35713562711	7.74717581738817
355.525435315848	95.5939479748239	4.21757537661802	1592.70699385356	592.597472493374	6.65549641721204
287.627186600365	82.3932824137578	4.54649393771265	1169.12951244456	488.69305105837	7.28799198669124
356.903082500914	92.5445988267322	4.44690881406982	1373.13311730587	558.640062083885	6.76108117339724
326.255783768548	88.7853838529803	4.98248442713319	1430.37104071539	546.98876021303	6.9088053227172
324.460922835514	89.3230522983452	6.21444956961221	1321.00943445225	536.82819198945	7.33777188696745
269.308723126104	89.5539342954843	2.82386106773158	1232.21206270579	571.653073670616	7.26326318526414
251.571458076658	85.2256162498315	3.32603469734065	1165.5770108493	514.772413771896	8.76342276009029
400.828038623063	91.340179954468	4.86691196649475	1942.34999912864	601.767822685576	7.0105348932609
351.58889059825	86.1126148089786	4.40786518802939	1553.29392446775	514.592421128896	6.84382125755635
284.982151611973	84.0934423100371	3.37904629838327	1131.08414679812	479.041663904226	6.4911516012553
334.724062167375	95.2262017095891	3.09285263400016	1408.3605153391	595.055629873842	6.26724585865037
240.271056326984	82.3005905896977	3.41460573081686	1195.4283877203	512.090527966952	8.0172998320582
314.2115321477	86.8456728114293	3.92577205573337	1302.61715140847	565.430652650832	6.65211824080583
307.068036421486	91.3288401008309	3.7184249315558	1529.26471438176	566.326280473853	6.8336141623787
307.975896571679	88.6096123524643	4.29400009883548	1366.11870646365	535.071256121572	7.09894690125325
248.884193894468	82.286213647924	3.81070890863405	1150.29142175081	517.35293401192	7.79435277363074
254.352573344014	87.6434119573363	3.32105620428606	1249.76451361859	565.830370350643	7.89505784766262
385.992065968601	92.6812786140507	6.01769247915384	1835.79819593683	581.414678775749	8.3685915461436
336.761510254616	97.6784786132832	3.31464980761802	1567.99937537305	643.880108921312	6.77851539585518
289.799699981374	87.726207341779	3.57137578494894	1150.43951695328	522.357124180369	7.14624401823271
476.570999070063	92.2637772514085	8.82763369837873	3391.2012863601	602.743135037197	14.6695292539232
394.398453856292	104.028970303072	3.36193445074228	1656.95579410653	655.001321554508	5.73356269237375
322.955888106433	91.4108680503417	3.60145223708216	1314.46110053228	556.000112140686	6.31569670178433
349.908841942253	96.9629897333147	3.52107764987543	1612.14085344556	668.576089340677	6.45556823900822
390.937550404093	93.1850186605548	5.1739382575417	2008.57389639674	600.278781997642	7.0253824790777
281.026978581629	83.2195362356542	3.6377037626514	1137.32184465487	499.732056572435	7.38495431254361
412.57573638014	100.950354463399	3.95794460141388	1652.76025969904	613.049336131812	5.32781486896243
320.893566416932	88.2961734798532	4.56177002096404	1726.273357454	537.380891027514	7.42617589653629
308.609728639811	87.7075969918905	3.84909669989343	1481.2260729845	536.866892136537	6.79880259272583
486.595207555128	104.813644829862	5.40878885462905	2449.30450192456	853.439689884393	6.34862347646662
277.944814178989	83.7678456467491	4.3269055730175	1423.46724169442	511.552025148858	7.24008028180941
370.009551148127	89.8496918631243	4.7117050901484	1498.30911217515	540.768577697395	6.91442489041973
246.01672635415	82.5223907553477	3.88433451648681	1223.07644733177	496.345357552466	7.62553054087844
323.430826212958	95.0195192759213	4.35160765704437	1438.38559088011	620.61765472936	6.35022633646427
267.236550037905	86.5156645509806	3.82467722492149	1220.57203938617	549.914668427342	6.63670382008615
427.341153441284	105.069530378919	7.13889308722523	2256.86739878115	907.55388531903	7.28672852311604
417.710554696017	87.9133767085421	9.34877156398066	2138.19682073286	555.436757174741	10.6665520075823
255.902560300064	85.8517053956487	3.40142397336256	1176.73162415703	523.380881398053	7.99374574131332
333.451935328246	93.620924797961	3.92174022274673	1365.30300972891	547.185035773827	7.14732031553344
332.062418417721	86.2190997401962	4.88839760876047	1313.49918124328	515.503386444049	6.9157372529778
356.682596593561	87.5085200280106	4.62091585213111	1368.23426837314	518.041705106243	6.97687008511928
323.269654220265	88.1341944896308	4.00100158053309	1531.8073568327	524.222197148422	7.40076288668383
299.526654321474	91.6086060932116	3.36683486706064	1329.33006220368	590.449172311753	6.92999768563612
497.688868151406	102.313855887965	6.74585339743119	2305.02100335942	735.999862241291	7.9416361477274
349.070650854808	93.4528266277609	3.76534101579268	1403.88237997601	569.749156455692	6.94962551149024
276.734851015029	84.7888496024014	3.69885905892762	1055.59342897983	515.178474346662	7.12150357517648
277.183414567037	85.9943961340872	3.94625541917641	1090.01288144952	515.98319154897	7.32348276042982
285.895157679326	88.2731474806202	4.34921259731683	1082.42681423731	550.379650319216	7.27694037218409
362.230823172344	97.9604457445396	3.50104343983271	1366.69438256192	594.496199204762	6.26220805306399
235.853229527491	82.8823187231705	3.86450603109495	1049.86345750562	501.269339259665	8.49558647488744
569.112737465714	124.240193809076	6.07861278057939	3062.31461049809	911.025432266462	9.40400619968408
362.659745764305	97.5636649381812	4.64197549404256	1547.14478229493	643.235577078245	6.66509966860862
326.193367076078	84.1192537878961	4.61143672972656	1293.57304435842	507.838762482803	7.25128309907203
308.325870416661	92.4993764333653	3.7427274884548	1299.51585211215	565.167435781843	7.23700013429626
281.570373798405	92.5058075232316	3.03141670250377	1079.45571386431	543.75260119542	7.15001234735417
324.832288438984	93.1078390640001	4.37228212224525	1506.00461192194	602.222863045781	7.68534388022874
277.935171892995	94.3089269121735	2.95831156130251	1410.7490916944	644.765262753617	6.22187314786165
471.005819861183	111.789554440448	5.05723178474405	2335.72104772104	790.880919891686	7.22963291731878
296.686077749702	90.86129662063	3.41123159296912	1216.94488392984	561.153809856379	7.29897050746964
319.696911372092	92.4157572832109	3.838073145948	1233.78454915394	560.376553844314	7.12794556171148
294.612751603389	89.0818763677214	3.53755286197581	1163.7539772241	549.412967260338	7.58347700428428
243.783578218598	80.7620408954363	4.21229795301165	1003.02544571542	477.588281642152	9.12211679419195
266.947617732299	86.9552060525574	3.54616897440285	1231.15573228231	556.210107985687	7.34061423437206
252.532386901767	81.5712187774867	3.39797050131845	1010.16087371741	496.238359923152	8.1551524298435
434.431968199758	88.0863921102832	6.74777516832461	1714.16964427177	529.422537771394	7.82504828922654
292.96200165396	89.3401445054635	4.16020933793309	1279.91729050278	539.157234053016	8.18406689550005
310.299161679397	90.965992103733	3.83809908555452	1408.2475625539	567.688771396438	6.6179363599971
246.084873606017	81.8303989554479	3.27462286409595	1041.10360293369	488.741291201843	7.58686073680763
360.052108990366	91.5132293867465	6.20266336790577	1753.25695118126	532.136805996412	9.55022045107299
291.880300169724	88.9285149086271	3.10466887144943	1165.84038862853	530.013593161563	6.63095750239257
282.864856422309	85.3340462592542	4.0254874305176	1193.25287957682	487.554709793495	7.83106456800275
338.426866256535	93.5830107434275	3.86953742193117	1913.03793144808	614.646732803373	8.1814745844073
313.364246876608	84.4103311232377	6.28175870716149	1582.1832188039	521.867883925856	8.9829822208671
336.114166049326	85.9661021968737	4.82853319279472	1387.38215891053	510.585917101391	8.06202633876332
328.447129478188	95.2476769938337	3.35587041174768	1574.90515305299	584.902907892601	7.1488741104234
737.563949003484	136.416027418665	5.78381569296189	4404.20342986528	1103.8583923276	8.1249388679668
390.311008408282	94.0857197593741	4.53774065382801	1457.38018670321	613.677789202324	6.13408702567557
379.466317934592	99.0128505041905	4.25446402679187	1431.91577174822	606.462756123921	6.66286030405864
309.35961746985	88.8207458331465	4.21762080017925	1290.82516731247	526.414763845481	7.38502341815763
329.627342925464	87.2231628890609	4.03757906799637	1230.91354897298	502.74854978232	7.04489287467483
261.843899079655	86.2056420301527	3.39471006125999	1131.11604023866	549.853995972853	7.86219854290913
503.38621544971	119.919919500012	3.67555040363263	2728.19280184966	902.021842410575	6.17271635229407
325.582019621133	94.5475726513496	3.4332413775578	1272.32071962932	569.558469635464	7.18009701781492
265.381645536076	85.3440364259339	3.64723709321766	1144.5531058939	503.97590643957	8.75782321861089
291.241779102185	92.7320241354012	3.71758733730916	1270.25931693538	599.021473237597	6.83230708028449
293.650366486077	88.9697750164645	4.35177357431367	1275.96291743276	568.255558007648	6.92054654621265
502.987455739445	123.977483536727	3.5826890389625	3151.76497166372	989.396101073248	5.80803785563151
243.634178348091	86.7685882401512	3.1984783496778	1108.18446975949	531.427191207841	8.05186390973079
354.189545230057	93.7712906922742	3.92321681686536	1418.83680652497	601.796949290314	6.95718655571758
356.306002853483	96.4607533724942	3.63641057324334	1460.74668750836	628.163843767512	6.5955694137358
365.657953047026	94.0196209486428	4.35521157157707	1555.47766461956	609.135091595711	6.27832783892999
408.54470868692	91.0960133443573	5.69670706572137	1295.1331400647	559.639167929317	6.74342867052609
265.026861592876	80.0425964551029	4.29261312458322	1015.46201101141	493.089350214093	7.9813474555481
265.025369696728	85.3306667107679	3.54262482248526	1109.77321692254	530.303763748772	8.09297234426987
313.177983014304	90.6559780430684	3.82407099827379	1235.57053580349	550.804895947792	7.00447152564947
320.400041474709	89.7186738850065	4.22213768576365	1550.36492685461	561.75616978614	8.02192644716429
315.10617199613	84.3124106018793	4.4839160149375	1284.96820736217	496.349570294643	7.3668414157227
343.296151314867	84.9046774273619	5.80112640962707	1456.80762508067	501.26170067874	7.69054191790932
357.583411942399	101.159714136078	3.77658802412233	1577.88699066253	659.423197020609	6.22945092864445
246.521892267092	80.0531916902303	3.76554752409876	1075.52255630419	481.576803906593	7.83330201202699
325.416091998174	91.8118444590151	4.05933307191118	1621.24706981821	566.198984146587	7.12313588377081
390.218683701445	100.578447689335	3.67224673521712	1615.49315325274	651.096058530596	6.55624906549158
498.623707209258	147.946427132141	2.85016588026407	2512.53857768662	1188.46887699158	4.87921139390363
314.446524888519	93.8106720865151	2.84038204396915	1189.85937552566	561.192682067034	6.97506602604997
320.109029971239	91.0792941254358	3.05951218944846	1186.94433075389	516.242921452536	7.86421646406563
344.567268845966	98.3226525730669	3.91966190222435	1356.5777710113	621.088292455296	6.74606352584879
262.851344510494	88.4696483186691	3.2054370501722	1260.59418572671	550.035823599498	7.54638219512044
282.319253196585	91.9987614529648	3.83452920414762	1165.02863507025	565.585189780974	7.09407111683854
234.406499180619	84.1524269689272	3.22415827843191	1060.12309297576	514.421739307328	8.13943081269142
341.967743567369	95.1955622901797	3.61974517048995	1380.84671780001	614.061667652712	6.5774290656587
408.5571347329	95.7543487941045	6.04417113534349	1631.31179766921	610.094126449083	7.1698923471742
669.033465613015	125.305588354344	5.6173444282189	4854.8943734802	1367.43146748639	9.68350325972101
279.161144568206	84.0820876460705	3.6424326515042	1156.38228690295	521.184700856697	7.47877632255904
275.746941932118	86.49623028817	3.40884773565297	1214.03294802605	528.434524066007	7.60694506007012
425.774987062961	113.022724641452	2.84165412341346	1622.18178917479	685.185900004719	5.35461074805708
482.59840780138	104.998462652882	4.93338164080126	2223.02680552029	679.022050662116	6.98382996338551
396.564335993673	102.401138322093	3.50442511841368	1859.14446937927	709.623079581509	6.89385378893103
287.07519550154	87.4362927825916	3.31922629884198	1139.46835685823	505.895959913086	7.16989183826701
312.082286024367	90.2601582574572	4.64257114316083	1628.77131422664	601.643120920348	7.61523925551282
369.16934819025	92.9644490422501	5.52229810632844	1445.06633484824	576.678743534538	6.50458080278359
343.908686123308	92.7265622255044	3.59334729009567	1267.76143293533	531.400607600556	6.36977569601513
381.487449496278	96.7363116943243	4.79052817109036	1558.99891822393	610.045418865574	6.36564328606057
323.440788737184	88.7994547283044	3.77260018977594	1225.32288061276	521.518260531617	6.95842685438484
344.807001981697	95.5327082245603	3.62359169885846	1610.33294738991	611.972110843941	7.21860510302673
318.772970769096	90.8589531923818	3.62421875896484	1210.27437540343	543.47878961579	6.90560124297601
279.076116006731	86.236005051524	3.83290151484945	1138.66562540023	512.997968160569	7.42463718989932
329.121038160941	100.324140281943	3.22611332502419	1294.90832461586	615.426960281591	5.1963964988558
376.209649390054	96.4503274278361	6.28187465430087	1525.16513496039	599.216981611068	7.42495896490978
374.700240129966	91.557696207223	6.38215767613929	1967.53088837528	573.454133798961	9.94412864681143
287.886633138471	91.5216311207257	3.04682869048741	1225.00263765606	602.739740809215	6.55198825291967
434.38347545667	87.2021129839637	6.95897612666223	2072.47729639952	533.43146747338	9.01099676920112
362.600319738069	88.4351080453367	4.57321136546591	1513.727442028	530.430595918396	6.40390102731293
343.500369087353	89.9188252450139	4.00156180582923	1326.84273645454	537.967699508831	6.62872438626532
288.234409993595	85.4146382918003	3.21346066495679	1189.28509951707	520.839557449227	7.13100512126159
448.603464689554	102.527307908345	5.41920239494067	1908.24651366036	655.920407499715	6.45253409998911
331.056559205918	89.9850363768984	3.82168842837225	1302.11319385307	539.155946220171	6.49954102135514
396.053607352038	99.7496334872656	3.60998636182422	1625.13121935612	613.075677151566	5.56674105383959
591.039794378309	91.9797755000382	9.55075402301508	2189.40705838905	566.49462138168	8.20079665870619
311.373586854312	88.4369399753895	4.29440309982311	1254.55899219727	522.001659426698	6.44063107884439
303.100855558933	90.1392914753516	4.42011236816465	1333.43835274463	582.131340243369	6.54659476154197
386.534502657934	92.2392406054939	5.94462700072146	1736.62257936026	570.800644105622	7.68634073210796
310.767632895398	89.5899263201806	3.42220115685745	1408.09328082179	539.239942804938	6.76919978577755
330.727567360188	90.3998635318138	3.6099257676841	1219.59825886682	534.595314073428	6.91503384195474
316.039168383418	90.6735099545365	3.21348774394564	1282.30948158094	553.525398164822	6.47976850572183
316.735572547367	89.3427952461634	3.24319760941005	1249.09621444532	553.636556031157	6.75061961211159
322.676635048307	90.8248652239177	3.90185636738349	1368.67110742983	567.021726607001	7.42139773524331
433.761687600204	93.2872135317359	5.45088900651467	2122.84266493367	617.992526412177	7.420513436203
362.105471322712	93.2614827795291	4.99984147650572	1770.97991950405	639.855475319708	7.09027899182529
230.727328413868	81.4797760045966	3.75683591592201	1157.99108185973	500.390121672221	9.07386883400495
404.654566235813	117.52155466538	3.18714462739628	2301.3823943232	1089.25896083148	5.63892419810732
293.150260517147	91.7953242542925	3.17468291325828	1278.22972285602	574.111633198339	7.01264413024195
489.33944920691	92.7101743334623	8.38971399083819	2270.72086614715	582.551804099003	10.3450411593676
365.287673050517	88.0644939179191	5.45253990659606	1773.36751333603	557.711291501988	7.7725952003409
452.506938273938	106.278379453809	3.90353576963141	1754.75567507801	691.086042245177	6.79827863376376
284.557187590023	81.7445697824395	5.69208383149115	1080.63316155517	497.255672058037	8.12375151998709
480.575591623783	99.8249389161347	6.17127556920389	1567.00988879948	602.367819417467	5.1657517134514
374.421660025631	95.048838375335	4.14972152875262	1495.30017491958	563.148013128931	6.46534383823671
377.766193551514	90.2827326337016	5.0620777401579	1632.21380121503	550.577968180803	7.83480988547818
482.253281061664	95.2781470664001	7.61017593149173	2852.25821146123	632.343607609452	13.1949769239691
274.971018342726	89.337619897279	3.36172319201022	1216.07604332137	519.397752937052	7.71485258636733
296.697392353697	88.4337819062417	3.43344343327734	1216.82835340941	528.530479343707	7.98747961597071
360.567965967534	94.4003410508908	4.22011950503311	1378.49407421363	552.951450659142	7.02463424909774
391.645755492776	101.059433867453	3.50811951126172	1661.5545424465	601.96626278747	6.2013690357856
310.313651060101	85.5728510091587	4.48059370390184	1277.11564724204	510.018101668817	6.10853644462664
321.535942296452	92.8937374284504	3.31335169101033	1570.50228671826	607.283811279062	7.48881702131283
318.165627652896	87.7150591115913	4.38890981060455	1383.63235402524	538.164334263568	6.57047965973278
313.960201868703	94.4687954689842	3.28317734731108	1699.67094414569	809.436754580146	7.30866503543226
315.769555073791	91.018788856893	3.75552535994115	1257.44157965268	545.658269476175	6.4119107467517
290.135094935104	82.5149854047177	4.06127612233839	1097.21572485285	489.437911021422	8.16605384764447
266.703944033202	81.5774069848034	5.27259311786023	1056.63754688378	496.547923431609	8.16345773571203
328.815627544011	95.7060283776893	3.31271900329385	1437.35829016988	610.372418652564	6.35299911500033
342.544056250433	87.5426743609043	4.46095754884608	1391.49190727455	529.363665466254	7.47959696661298
384.935317034298	85.4890746949045	6.34323069472443	1802.1862975482	522.103816013738	9.1053430241273
305.109685958939	89.993574541017	4.50926646168334	1421.80177418432	593.941538999836	7.41002448763902
296.244584805403	89.7966426718143	3.42915814125881	1254.52108438692	575.959911477585	6.617704623803
264.168817823892	87.462473605258	2.99527711548101	1169.95474374157	528.867666098455	7.49515621381172
255.343627686444	87.9849161691203	3.00792456883189	1071.70611389343	524.202356917005	7.45362567366262
238.744353501227	83.2827730254566	3.408747096023	1036.52712780289	501.804324609482	7.94951626736535
785.84420865312	123.761419152865	13.4186097732164	15976.2834730914	979.279559748585	23.1474180167338
279.292572481295	83.66119416981	4.71481670856045	1201.64587628098	524.946022181168	7.71664441215025
399.867927524675	105.457288269496	4.04187058833845	2019.07256633748	763.886366644244	7.50391946636971
232.654266883555	86.4746364569789	3.5190439813179	1124.9790531122	537.32314641157	7.37253871298944
277.052065188055	86.832674506491	3.566196138903	1274.27948779939	535.735107663812	7.4676253908057
395.99328219979	95.7211690368538	4.77793227108319	1569.95325911525	602.320885344555	6.07171954360257
350.400408813476	93.9927870321098	3.69544548023812	1266.14628167147	560.88274381993	6.49161323121885
312.993898917753	93.7423949907583	3.37187700417475	1242.35870538919	580.881268367534	6.81786372237091
312.557079150498	89.4439257155253	4.3111251499471	1269.33123283347	555.027638803308	7.03809683441568
290.748414554191	93.3828995528859	3.49887488941476	1364.51528883847	561.079297551154	7.52891902376828
587.134162047991	139.456126114164	3.53654988163184	3753.08111623169	1209.77266775854	6.31696904845165
294.596535466359	91.7648841269604	3.01629710732986	1210.95100830631	544.399773974334	6.84268216059423
337.197232141638	87.0493460017066	3.8234235272765	1321.56426025413	523.210519094035	6.75406761324992
389.364473047603	109.401032506211	3.58822919414035	1913.74545510341	772.335961230697	5.95248021728606
568.569503278928	111.585920269528	7.28085246630512	2533.94164148771	790.950868864948	7.99651106746223
406.381464900956	92.1185658011493	6.36902756754957	1656.85824629693	544.495912073425	7.1615706018304
411.896144019024	103.386136066896	4.38586452247703	2059.59768732811	659.243211839324	6.88717085299758
250.265312144489	81.9579271287917	3.3887179377394	1080.83945248692	492.6633127423	7.78406094975534
504.005078752128	105.970485339474	5.83527556371142	2478.30174594241	750.800807846738	6.40061104568735
293.658182425197	85.9101870878597	3.62923250908419	1155.44569268685	532.035262735381	6.76161588778545
357.236634953118	103.359930047462	3.89765440313079	1681.01519580051	650.360867558841	7.6634976921565
290.39819982393	89.9294091654279	3.69668505613609	1276.08216994083	540.54915290855	6.90370954394167
263.412341548115	88.4146970864872	3.46163435088692	1159.20804416253	539.897910974584	8.29546902219388
270.362907331186	86.8544196974874	3.27757685122505	1228.64843629851	509.847046524451	8.36764434198401
446.782496380618	85.3103889436934	8.2659804508353	2402.82763958313	516.633835000249	11.4651439193145
325.902994301125	93.2977258099025	3.22399111626231	1307.91714314385	554.625224980266	6.90421937770651
318.180269703148	86.4942170098432	6.23151411720359	1272.38877814678	513.027537184245	7.52946183954788
620.702044255986	137.804461844962	4.20856436095163	4612.13961090599	1494.9080827475	6.2062517419411
274.013449664674	90.2799015010871	3.20989986320996	1133.71690932705	549.779320082763	6.78689758405067
372.580343871488	104.253748353554	3.41196888562787	2189.15619090334	725.943181278672	7.66710026470861
525.335226247479	126.666593588601	3.4455780996669	2920.83823670558	1177.92785027991	5.88027398327429
943.422793351469	114.651378419824	14.5638388294375	25895.6527621387	922.08820389917	24.0107236082551
294.951972003506	88.2338991445166	3.93152745515064	1135.98071175292	523.394539442143	7.67274694536108
942.974907376133	133.205423247626	8.2516459649969	7740.85907591266	1090.53360728037	15.462589906484
378.220184534508	87.1433811825187	6.66679163590245	1358.23304666422	528.443150238751	6.95961507098903
279.494719645623	88.8833520002691	3.67063313905163	1249.95916915625	558.247208484812	6.38317147841855
294.418628860172	85.2641794683043	4.39434738143867	1167.12594824667	501.712760614812	7.17294204573274
257.119613104587	86.1998498663014	3.51748144779498	1133.96059219557	517.454383294137	7.66717342288704
301.175888772406	82.2804875744803	4.44680821118962	1150.05297183646	475.718567829073	7.30905595634943
566.850384181354	101.30672420655	10.2999441586618	2571.09135006964	660.41430881968	9.77338617437529
457.912961561137	89.7030533558926	9.28052019572096	1888.19015792046	530.477126580143	8.40182123888827
323.928026323854	90.4079347868113	4.02714078793192	1463.61725242916	552.162875725027	7.42367749120572
735.227691468566	105.857264757201	8.77749708361993	3347.45266064586	683.980483313419	8.82476199048891
460.475572606734	86.5008466331226	11.0735238495729	1943.36494051354	497.536092721027	10.4774125384346
464.079788761569	84.3462076039073	8.61531068111431	1887.70055339244	514.458688158118	8.42855281322334
367.434992091294	93.5183229108823	4.73724632794232	1568.64000862124	586.42802712868	8.64220539183158
453.672151155568	91.2450539831397	8.63334587974056	1560.03643257881	537.861179177205	8.30191016755627
363.477930891288	82.7930591990731	8.33765102879318	1305.77560791844	511.956542322246	7.82257835160624
397.066353167813	91.5683846434178	7.98267041398617	1527.39272668389	583.803128851543	7.46535959614299
355.672292710608	83.5851000947461	5.14747881098932	1438.88753265977	527.927951068397	7.74372081673035
363.418626239886	85.9309504384892	6.69768299044991	1409.14927383178	540.668884691963	7.14109457322545
320.416978749826	83.0052201763556	6.53460670377961	1383.99018280664	515.590968512675	7.89229193241126
443.625267858968	94.9559862801961	8.98687826178773	2252.59230616417	660.161964676502	10.4524305452349
245.133990868243	82.6320080252174	3.44490263724689	1038.35965498122	497.009592010625	7.98669961035082
316.39136324585	93.7875536295764	4.04647213599317	1502.02649627921	674.891919752551	6.28033891710548
232.949572380854	84.1573092197747	3.14106231123829	1001.69271165699	503.861270361454	8.05227065261893
340.576761289827	86.4110236433912	5.00703057563988	1269.07381954262	524.392057671292	9.51545182549781
277.109151443324	89.0134759271949	3.40681830969212	1034.27554374745	528.892348907274	6.22543634853566
244.89644315378	83.9395674262255	3.3172885768301	1064.92063535166	509.958107278653	8.68505457159629
378.667198805412	107.372368088767	3.85763087605387	2034.88911720004	774.151415549548	8.17923759028086
423.225572596912	103.228313603554	4.90801606809234	1816.74050856735	707.93963105058	6.72708679200656
463.598598017068	105.894261444174	4.89297100690051	1677.71725645927	662.147293378557	5.25706874941075
274.902195027439	89.9821035033488	2.94714192040965	1175.75532675253	570.554994770791	7.31445905957912
327.861776540897	88.6840070547633	4.0995639114474	1394.90498751564	528.98384749309	7.6088015285224
293.643542285544	87.7312339721759	3.76331083521008	1286.31504287889	561.915047955265	7.10849669019461
352.090504704273	91.519993529618	3.82007922304711	1424.94652067395	593.790758616798	6.4331560887668
413.809721953811	89.2257467331991	6.13742903511476	1579.49751068222	546.042663156325	7.04444629282724
270.799377047263	83.6041984805941	3.8627881051462	1222.28063042485	497.180926791435	7.39838347349645
329.476262258025	87.4399557069589	4.57032096804477	1338.45049715951	537.187851964878	6.8976435401997
371.29136393437	86.2910318068879	6.29339739973332	1681.04430572203	540.640912026087	8.13555976142356
350.841779799663	90.657574778934	7.42704892616542	1739.87400516371	655.667941109715	7.87347301822654
307.02626188824	88.5438549153259	3.84175092862269	1405.20423699464	551.93889993439	6.48694617992381
827.818065030739	98.2706362219735	12.5882427504413	7844.20223440745	626.24827375002	18.5508781689846
345.591915044011	95.6826873909304	2.95142398573125	1432.37818521892	623.576252404013	6.06244768093728
367.939312257365	91.4481416217066	4.79632386812247	1484.96186202583	540.757562475271	6.40708867136555
284.967409353043	85.0856024959937	3.34040985024652	1107.91708420305	504.370707675342	7.25908664147506
350.176981889677	90.7231572033203	3.35367495569032	1355.86493066427	551.477962954128	6.47093187873134
358.243262091765	107.662082115645	3.01385152276414	1848.23812921916	1037.30733221753	6.15321224485984
370.357266190488	88.6456194763261	4.84778671923328	1578.89184517883	543.733475082361	7.23369248125643
272.522547693213	83.6483754644261	3.24949784097636	1324.87496800199	551.414888285534	7.40441378944878
479.773080675892	91.6252405388056	7.94469444543486	2110.93975569494	577.703397324815	9.50448832771493
487.349652531423	99.9695977542013	4.93707322858815	2063.34375636302	650.780641097422	6.0544143870968
511.965413408153	100.376823854963	5.43878129703182	2066.43662755001	650.94581404325	6.03704396607329
360.635362527462	86.2502128451451	5.77328500017493	1239.92095034646	515.404289313795	6.96758330829222
549.12852315646	95.2195611972734	8.94124685292266	3676.02758948389	906.090598066166	10.289409637499
371.7448980783	84.2109800206329	7.66697205750845	1625.69888629547	512.756452349129	8.69070408619892
304.416570603331	86.8022058995373	3.81153257869154	1300.50091019001	538.55208693288	7.35331059807434
355.867024098847	90.3579987403467	4.45695899183607	1500.73294373165	591.178933649764	6.08546691610448
510.59407924247	99.4732806891224	7.54684940444259	2427.71412877003	644.000389768154	8.78361530860478
304.734131499258	85.4121310776473	3.87754811224242	1169.06908066447	493.011411122611	7.49678609848988
328.075256993151	94.5541104392661	3.33581923054599	1355.31440121509	609.653353112967	6.52380659581568
370.514646376326	89.6752553516881	4.11169102450819	1506.07050579316	534.203400406698	7.32626268502864
333.2251671055	99.7286411009369	2.8747109082703	1307.03132971026	586.114418988501	6.57078883668598
335.704000740189	90.1950488702161	4.37283828701648	1337.40569273788	522.312997919952	6.8427177747069
257.454977499111	84.4374504006145	3.54975308105085	1063.74589287662	505.143561622125	6.99350806243183
349.590409736054	99.6652194132227	3.6211111754667	1385.62548883901	640.545961879351	4.74396028812918
316.430987371451	88.7017649819898	4.41971840070502	1136.26973411053	515.78665508142	5.6067750280691
309.294732101948	93.9169671743324	3.4041998564587	1195.86840379418	639.869676700468	4.64961693803491
308.601195956572	87.0808568826262	3.35979445543929	1119.19819493237	549.217508693168	4.70662272748062
320.935866821391	83.5540029711882	4.3535438971039	1097.3995084122	505.716685728655	5.10071353627859
309.596970693936	89.0937484612819	3.27799348788039	1078.00164345104	523.086683465807	4.91902157631764
375.169775313076	88.5662969137848	5.01337530414428	1275.39753588888	531.517136413441	6.00634931618176
311.555595202064	83.9461886616331	4.46069695117452	1112.62512724413	523.985726636829	5.64424244586619
363.823110862397	96.1906829972696	3.58261884629615	1450.30363613429	605.638601272406	5.19701549539121
432.822620044063	109.070779676617	4.394829143765	1855.94071778189	794.184731850577	5.23408921493052
367.712913292177	94.0334895751232	3.73495135181352	1363.48196922527	563.790845529184	5.05891213255064
303.96068170752	91.0816597035863	3.36384312434243	1049.39051959603	571.381580494384	4.57241697071951
283.009511493766	87.0550418625868	3.96895495927665	1031.89827610775	531.140860336318	5.01879802979232
383.973577367011	104.203972815537	3.70405083600256	1389.16204008391	680.126424740808	4.12144280802025
243.428224648281	81.6021381296609	3.48641233832982	827.319393587897	488.208404806941	5.3020938080849
306.433494524607	92.9250316263209	3.64663122452397	1383.12325842484	674.470294099586	4.90681857905883
327.610283649949	85.8385691039623	5.47978552226965	1412.20973027225	520.763696779661	7.29641214808025
393.039886870451	88.9819220583894	5.8583005915185	1332.56291845117	540.802683171086	5.69314600523064
333.643464080065	93.7368062746929	3.53814891525053	1313.7839838622	587.719369253865	5.74270765812136
272.489040192792	87.0850926200786	3.17449922941784	985.817655542724	547.87928189363	4.72624442540732
303.033468857783	89.3291416091046	3.39213248556197	1076.2682014192	575.467203603358	4.49770650336321
296.925333135575	88.2479220973678	3.96717157828141	1186.4496794462	577.500451558844	5.48760918458707
334.189332222735	92.48122421802	5.55596481872162	1182.78885442536	608.87391279792	5.22354295180724
331.591244567755	89.7423733650607	4.58439583855866	1215.20532556655	543.934186294843	5.85884451538158
293.769611459046	90.9132033513522	2.97926896510753	1037.36748509311	566.122814368397	4.57792714234475
346.35709533764	84.3676234751538	4.20787615406137	1158.19602234079	540.531239577078	5.08200353186604
289.072281409339	87.2601354393696	3.64568788147643	1053.4239526363	527.781312892022	4.67215808315363
403.507651008076	94.7417194380584	7.9680426279859	2246.85079211961	588.419800800319	14.7471399836693
283.900385348056	87.6522145928378	3.25527510240312	975.641268025297	558.087605265632	4.76281219269337
366.064795251022	88.4573731032235	7.03361829903577	1801.76157977367	581.092551163593	11.1123586524904
331.211534534458	93.7304534081883	4.29067041100069	1301.93581187192	650.787328616843	5.15471235361563
434.821745196471	91.6559650370471	5.71992336134065	1905.69404043817	585.989281392691	7.41642294104938
305.274609895484	87.6392881041409	4.74086987480952	1075.51526917358	560.380533973147	4.61479148030159
282.248467003534	90.1053200056901	4.11563443084305	1149.5291594407	574.587352757908	4.92284704118684
283.020775919189	89.0750689182923	3.82516037654901	1122.18537118192	550.291856487151	4.6281759053469
259.842050637331	83.8489256957888	3.0147908649998	956.38244078783	508.254391656413	4.61795646008737
290.722215148418	86.1000742586604	3.68676685771919	1024.52150629215	521.609229307158	4.5356294456559
432.125676706946	108.883350989831	4.10639013227096	1612.6236260684	689.936302182032	4.65079486375584
316.545344994381	94.7198212096459	3.5210925688789	1278.69028301892	612.534097731644	5.14822084654021
387.791660347253	87.5364091479478	6.91187459434274	1663.81329963537	519.396811462078	11.0469761514132
271.512637781883	87.3204235159117	3.09975405108844	994.864261893421	533.48259196295	4.77484817342423
367.383411956899	94.199083349665	4.35432332014365	1648.19392630275	603.21470878127	6.68328327809419
313.827806707237	92.5129854969006	4.83671003400488	1173.8852765204	579.85512019418	4.60624964019688
439.000508831794	105.380912000695	4.15974514629718	1730.64801776363	675.99563197253	4.28427224971346
352.676710974898	95.9626731630225	3.94200840040505	1418.52386499782	601.318520305599	4.71531538995314
273.301826102356	86.6999856954384	3.20331735658238	1104.92644791855	547.167646572801	4.88028861279056
250.027296131801	86.2993794414762	3.41007315372369	1080.16907964538	536.006623985144	5.51889714792621
323.541135532251	90.4844482077907	4.0955729092345	1294.95371906889	573.413947442894	5.28870063590611
352.444522646895	92.2099093155424	5.11470885893932	1296.47004323064	569.492883883862	5.14208428915654
299.10423304491	85.6369816722408	3.12864828948817	1054.20189498101	513.306284544775	4.47204203853306
375.874649844202	94.3572412985381	3.56093909247624	1370.04269301706	597.136802868566	4.2806530442053
319.794796288386	88.0400547288149	3.93808722038356	1242.80390078519	535.31524925762	5.21590397636217
414.924782602314	89.0235676698183	4.86495435143369	1282.43904042916	516.104772938463	4.6447703491801
347.976656975857	92.1792993158347	3.87224166365314	1221.82722874492	574.494568165234	4.1894600670333
482.87086746015	122.428252492296	4.35811266599521	2384.44077133168	1002.11109053797	5.69070479055632
355.993220572475	92.800849253936	4.17795788675468	1266.20980546117	546.009183003673	4.90702727008588
329.784235213065	85.8500012478502	4.19213496037039	1104.85775494124	507.941375195274	4.58786655996028
297.163423987026	88.4711283183393	3.01736730078712	1068.78939085095	532.744250535913	4.52265045481895
533.531789590169	119.195671448248	5.6027004398693	3196.21442488625	837.024955570547	10.008621896481
315.072005875479	87.8644587830506	4.13112575547323	1150.37041999466	550.909052523337	6.35254749228007
442.850319903749	95.1977265743536	6.40031107073308	1759.4282102971	597.360034216263	9.80485568938822
310.327578004075	93.7298744083505	2.96678650102568	1120.80442555281	599.125677290319	4.29503709847516
307.421941114446	90.3430287741131	3.49052822048179	1115.81830633849	551.444561637858	5.22307334424407
337.606540031374	96.1564777693924	4.41101002063127	1307.59146950587	605.524335579018	4.82401106143213
272.842586978539	84.7786842509456	5.65841760062032	1177.14418340171	555.771188316665	6.42428572594598
283.911512507233	88.6565366144549	3.51968174861145	1112.79014887641	553.709862640086	5.00928037352131
268.559108107387	82.2850466402045	4.51176733957238	898.519489179788	519.671078526327	4.59336372093252
317.190867465608	90.7667082544074	4.99775659682448	1078.46887616161	565.533256167283	4.38651666575083
343.686661875919	88.9977393265833	5.10317161624403	1302.71121296338	590.580836914728	5.36115724647514
383.547865336709	92.3475674305981	6.0493271736255	1204.74469532352	591.236397166254	4.74795389570964
411.216718883809	89.3172014347632	6.4345692521408	1331.81170582963	580.952596286014	5.61773045309395
394.541126409112	90.0571136456462	6.35280780418313	1293.33604261754	577.514753440983	5.23624427401548
426.151495853958	89.9635644035154	9.27453900484161	1170.82013627005	555.003097067398	5.46296314050189
325.43151826841	86.1607820527887	4.42445352415379	1025.50485795966	524.920043652582	4.48994120107308
322.432722524124	89.0521532433937	4.8245518720859	1031.13202067583	547.863573515864	4.08707868545435
319.12913688369	89.684375406382	4.41562481325304	1080.11102073532	551.215005699542	4.8932364113699
517.849603684868	102.021934516318	6.44933613539522	1672.30205219172	643.065343644507	5.13027696730403
564.613018865644	108.268424993766	7.18671720249425	1844.18540463087	779.315147890637	4.45940311200652
320.491401922897	86.8618856090802	3.58496467552572	1124.48357962498	540.02389730765	4.56762828034938
318.922657261863	87.5139426500968	4.05297021342692	1223.94883372806	545.534698888561	5.41204769823437
339.651053788018	86.5097703785396	4.85414622635524	1290.84616471093	530.284519070863	5.29177286945121
315.569626503271	94.1474982045904	3.50539558926586	1286.60018371257	606.56993337729	4.22572925581064
352.332575952369	106.600249340305	2.75105359283214	1586.27040631658	764.300475469525	4.66035594393008
310.082099062545	87.0934863699552	6.62923100835277	993.15271271397	520.744489502538	4.94003059271011
264.750660813473	84.4400038560481	3.88118908843409	959.40790976722	549.889970582564	4.6908670438692
274.983680838942	92.6511440478827	2.85336767512997	1155.62997242449	627.662507298865	5.65694124852581
302.553644010948	92.3674033755501	3.2539336268997	1453.70981243599	585.915332892463	6.95309267832602
292.409276394544	87.89175162371	3.53362082744367	1244.66966119356	538.507881994418	7.017712872247
362.61448615758	91.4769856243608	5.09187527254015	1575.02158255175	568.672520270997	6.72192160811693
580.001427484002	94.4982958529672	9.93864050847627	3369.97573933748	573.35236287612	13.0603414384076
321.394953974342	89.7527737718679	3.60008211308669	1245.4315826995	553.232828871847	7.66607522456836
309.801883475697	86.019027130503	4.68325982789575	1334.24557365846	524.942437864819	7.47403551978856
399.740521428027	103.716952330981	3.39013870979832	1786.54906074995	667.715280341971	5.67797553342718
451.803086589055	88.3016549281932	9.62205986981405	3505.7827511209	560.663531656	17.2345961243164
305.666328771068	89.3070113748106	4.55111578735909	1343.96052755235	563.874836314496	6.83093506814473
464.444827016819	122.942662492578	3.89970298288178	2183.06173642439	810.719318171585	6.14672626550883
430.395502770836	115.729656500339	3.52585638331832	1855.48874101345	741.102811551447	5.81704344177878
308.259660057931	83.9280675187964	3.82727875042761	1210.47454757738	486.663282021139	7.73962407886295
410.715272383841	90.1931165860523	5.24964152566141	1652.66474272021	522.22523896717	7.96183570720926
538.459696945045	85.6332369124107	11.5978446410721	3347.48292483257	514.83890605328	16.5727728737625
399.318968975981	90.8774413872241	4.36835790648916	1592.45477437176	560.411027375418	6.64497287778601
302.924871456035	90.4648583213808	3.73896353987611	1273.80153177844	566.83476430855	6.95608295727173
940.652656400977	169.48034434927	5.45788138971167	6569.0386659226	1773.17172095273	6.88974970175906
399.157514824916	88.2111636455654	5.03599281212985	1572.72086424933	501.335709480905	7.46562698954993
320.116365306462	85.851900822084	4.13398436502985	1321.48929042857	514.915269085313	7.06922364121471
327.907011899666	88.6879085247888	4.11034730943625	1341.93728808803	543.226082981978	6.55068511060845
350.909339872851	82.8433763698407	7.21268436983505	1316.43526750471	488.59040162053	6.92063443801421
333.839540630934	86.9287520322379	4.4561181360748	1416.5792603015	521.174001134756	6.50398395219079
302.170051452215	87.3564890664824	3.78211365338941	1297.35670999096	537.748886195151	6.19058237402574
409.575054230654	95.9583131107092	6.60382329042869	1795.86635188262	599.406270472068	7.0474131380532
272.760542653877	81.2224997015831	3.51795588461782	1216.55994934194	481.934517243132	6.9081258471245
409.966230712547	95.4923673759173	5.36021121136165	1749.29905677772	581.884903523573	6.17668454743061
273.892464894858	81.4330327864157	4.29687791463127	1250.01479907072	484.673134155641	7.11909272522419
368.145692479179	87.5658111002352	6.3535761743628	1684.99402129735	608.449562179381	6.87667416089514
309.15024297623	85.6935252151871	4.50572186302626	1310.39452969716	499.234252634156	6.89148587239283
344.402312466963	83.9109931291556	3.96350398097044	1368.65926145548	492.186646132348	7.32951858762033
375.232113721527	88.8515677620535	4.55948882330793	1465.52193445968	525.479922108505	6.46887663396096
325.980190483816	86.6416302742257	4.29418134185449	1345.28910476787	507.820167021206	7.00259372025721
626.841592885071	111.347912217241	8.25348102322159	3300.27623812702	713.209736100343	11.4787066608967
457.450565897231	107.109519645621	4.00020231180547	2120.49498336107	741.640222659009	5.62078137220316
277.955279193636	87.4240756315182	3.17322068269905	1158.1952908461	511.023079022325	7.5546296930183
259.240060535911	87.3584390498596	3.18803601916587	1192.35847996071	530.841278662965	6.73373578694384
294.16837385121	90.2474151701738	3.6279430653053	1270.64919317106	579.243500831515	6.87496425256328
649.515970880646	113.155115136216	9.29842387547606	3798.45644851144	757.21548671734	13.5750691882773
252.993083122395	83.4542986898701	3.44664035957272	1152.20072060719	521.695057309467	8.06890359399383
349.282789908935	92.7429921493636	4.01192406868874	1428.65981769554	587.214371480207	6.84910761080483
382.817368693208	84.5826062725086	8.14112676754857	2265.03590564628	499.780762278647	13.7436648277932
352.523670840084	92.912508263294	4.06289342751114	1352.19104888429	587.544499586849	6.33397441820421
431.378117077449	92.0352988474033	6.43038110845855	1777.07097410645	574.853301470296	7.68576946738565
372.56573224855	91.1232790719558	4.76496391262656	1597.16934380619	600.098800339788	6.70796495328794
351.865112714373	82.9436057667566	4.73254939222533	1375.18816956719	507.538181739285	6.76190735695748
472.409556154088	92.9066995232655	5.57001159900077	1885.36898255078	555.542088726477	6.02442432431158
358.735469259138	90.2168589233802	3.97091695750749	1494.9576945201	603.801216465186	6.18078539403979
571.217471088508	123.212630288594	4.29509167334326	2734.43940898522	983.915475445408	4.94151873053392
306.786796300645	88.8508446990324	3.80333290736237	1297.02524143032	559.21105809799	6.50492549235137
284.044328283834	86.0336498918933	4.2062606261256	1186.46869612043	544.897192156365	6.91068881047755
462.155567986316	88.0125882779951	6.92846508077783	2152.68262831636	518.266844163828	11.4994927400807
349.969961470756	87.8262343231434	6.59607904192152	1359.64975746914	534.625626424771	6.65802592401199
329.624127800375	86.1287051186521	4.66271911822494	1367.57663201698	526.388517690016	6.58172735888598
253.767815385986	83.9370796970023	3.32461663969437	1122.15173880939	514.757393453417	7.57739084603087
330.279047307244	87.6706975215137	4.18322844816255	1318.91391041134	538.515026576199	6.58866546045926
385.074304354397	89.7283664924981	4.52656470347627	1679.20904852491	565.609893131242	6.4475719123229
314.330529258815	87.200355158862	3.5783954858386	1386.27634958642	543.288101493875	6.18557597480344
443.950314420465	101.852961939875	4.02366509150775	1908.58823094898	673.241155593276	6.32616353061227
326.904064736593	100.462894805334	3.18259902460881	1613.46934570069	684.156258256777	5.79126379607371
392.468156118056	96.3019325181038	4.82521549399801	2126.59635508857	622.39095055582	6.68471925110218
356.627287315075	95.3608130170145	3.54141994392033	1632.33007456228	579.205232986801	6.16579995546744
338.617885239277	86.2372123531343	5.56601473458719	1396.60973082388	527.036496304283	6.96990084632702
334.931016783397	87.1326299846429	4.29382542748478	1337.93263744832	508.166259662727	6.96007726638066
443.596489423142	115.617892817518	3.12552139351379	1998.08805546636	905.511981660283	5.79717041795527
379.288129485981	97.3717683471688	4.61512300529394	1618.30017474503	608.622755717916	6.64006719601138
435.92601642822	91.645488437193	7.04313994780393	1933.50089605259	569.578226265707	8.54389653084756
505.318629876023	98.256702998623	4.99496779484849	2076.16864896883	626.304111144552	5.52664868890253
354.030956647714	87.5632029021312	4.74334101379644	1442.75105788246	528.894031438561	6.10306886255092
379.944444629454	93.9517993881538	4.3443691025039	1493.62789602673	577.87911974128	5.72044573756331
528.755985398185	125.526801343979	4.10259576235306	3213.03538501209	1049.96517640743	7.22577802317636
552.66832798539	110.484500215074	8.56575857627334	4319.33217576824	768.878441835349	15.5150976239477
410.545598126306	93.2407918343553	4.98571185532744	1976.27096437248	612.328171546209	6.55704635895785
347.950763084327	98.9504739384354	3.27303026583689	1496.60082374514	600.0498922636	7.3722350101766
302.417493784944	89.1652879784374	3.60131343794736	1215.80489631675	534.328569802746	6.97031634761322
277.104230449329	91.7892953839647	3.03348571747743	1277.04733766063	571.330013103485	6.61242034882836
407.35073368032	98.811556842941	4.07694437178216	1678.11422853683	631.745400095921	5.53803765139417
283.858446938567	83.0643559968709	3.70918498225853	1199.08582202658	503.267373587321	6.98495297887651
385.570365733599	88.0007677088409	4.81021145228144	1567.13861518419	536.386050019022	6.74181770048871
266.270033824953	80.2981333943484	3.65902152329614	1135.18123131732	482.905562157212	7.22960102932856
669.406691922199	94.8196367406072	10.9856305324564	2310.86148854474	548.104771224997	8.36854562912997
356.924051989308	86.4152627485062	3.80483787848647	1334.92350282383	507.010039786158	6.37715149932182
416.068904150831	92.628005015135	4.63830481494321	1566.51248335873	594.463422924006	5.59493742092287
395.966765301655	93.2079643910712	3.84500862411935	1881.11769187249	649.318731907736	5.76268548885578
341.096870114468	88.3497128375709	3.6063616048007	1458.16008550903	511.097181474591	6.33511720589269
515.343885964318	98.6843335841013	5.6046951208534	2796.31715882098	712.39804836137	7.17185155997862
392.807693823023	92.4532916443405	4.00072276835315	1817.37372474102	559.657124783788	6.19248125903243
388.498242904381	85.5077028688199	4.79441644401611	1726.20899691937	519.629373120841	6.64447696921506
427.944622641312	92.8274696879896	4.25480442019703	1801.96351170838	583.751602105356	5.74576946436703
441.944677600526	96.4123327748706	3.81399137433117	2071.70883488032	609.739602191012	6.14343138250779
376.174038839161	94.0935032129395	3.26115719159014	1635.68432677742	580.127714665078	5.96234219741575
1219.46760763101	179.321438745994	10.2188089529248	15571.4756973514	2747.30557047238	14.3012419525517
344.342027539107	86.1916972322377	3.60832794268573	1454.65533677182	492.335853379311	6.63982237014184
346.086852718093	93.2729289540168	3.10005369263818	1408.27294542845	547.210521317783	5.88202455057467
383.066143218578	89.7497180760488	4.15360121600542	1537.31752072729	535.649889652636	6.23432518439866
564.346531079005	102.855177445383	5.67470557843235	2875.03570249178	626.174122662455	8.65742172445115
359.413246146204	85.1833163564344	4.70350828097909	1557.81016670481	506.547745809261	6.36791116450328
337.885701910388	88.8323310366095	3.52719623443783	1483.9330608637	550.79867830126	6.38422611850179
284.264774265004	87.2655543106185	3.30737921011865	1226.68983984358	529.674132192192	6.16592385778824
324.439165898901	91.3692350627693	3.39502264100944	1526.79360923519	571.260128973476	6.54948774163372
291.007619432521	87.3287953170631	3.5151392297868	1386.01675016429	576.727637902649	7.04469229378301
541.289471008535	103.111017959041	5.72355072037494	2778.68732064399	639.565675225865	8.4671827374503
280.574911518063	83.9871800665023	3.31681529680411	1278.10865879462	496.655465195768	7.21988858364523
327.284236872029	84.0009589328039	3.71935479960758	1309.83290848937	489.241951067261	6.71692567567262
304.258009023282	85.0102467983054	3.43697190626023	1337.94196245717	513.962744791633	6.45575064610159
361.963341800194	95.3110660799458	3.24360408179137	1708.75676050046	590.781691134517	5.56898062400161
354.532190532835	88.0245990604814	5.30110547480116	1780.16285807767	541.880267515503	7.24540179696103
394.474893835297	90.5744934806046	5.15596972947877	1514.52130416479	532.560815771558	6.31381710617898
495.338293534707	108.748333118682	6.17595926006834	2398.19500584382	699.147436606272	7.29644316436452
342.243779864848	84.1987128430931	5.97176496774981	1452.4068919261	507.978294088614	6.60127968323996
345.778272608388	86.9807821028301	4.46892445359641	1589.58172786204	526.398004743623	7.60580415111181
260.058021317421	82.5685923771933	3.631194699106	1165.46349729405	497.873971870396	7.58760782740979
313.997414010927	89.9156073602308	3.62670796100932	1354.69398460217	533.820261969464	6.46201273664977
379.448025280514	96.015964651964	4.03885454901035	1995.10939782324	608.751526344033	7.29944521614435
440.36139292896	85.6506125134691	6.9577495236463	1825.44414641617	515.451204284129	7.27425462374026
415.08886217665	89.2827659355577	4.6653580525107	1521.05904130082	526.47833145828	6.26059703469787
340.117288635235	95.1800714433477	3.34777856904376	1916.70515307484	707.141573356232	8.43069374281247
367.387470062878	90.4999389161503	4.36386906185386	1353.1627921905	531.645779194016	6.69700611308676
345.647217320137	95.0653178301564	3.96393272453516	1541.03263881729	599.306770633647	5.96775760804981
403.762863819269	99.0528665630657	4.78207835032659	1675.02513407766	627.977199041993	5.92745149748349
383.250969869247	99.7508907336448	3.74263981744574	1686.38306789964	635.527798286638	6.01807026752596
355.227868937829	88.982000518942	4.49866974892941	1567.06802431502	550.30065095556	6.66534738755459
307.559492332867	89.4093438868763	4.04502078367453	1582.02760647804	554.03144778407	7.31470262633152
353.869445058908	89.7235268117666	3.83633747506583	1523.85346947412	586.141797721914	6.83533936222112
336.067516554897	90.7209470867399	3.82490236114236	1462.47481253553	578.597697513212	7.50067661813043
317.677428898438	88.9879318159027	3.65045465579445	1484.69336421789	552.255209523513	7.29610281626779
400.42442074461	89.9230430502308	7.00388856934952	2103.77117780485	518.586286179552	11.5711020661163
304.626230951917	86.8297305611684	3.47780840491776	1268.91444636345	544.940789665231	6.62558005361554
584.574265055314	116.02227672341	5.62764029282981	3335.46102665129	828.234679790595	8.0633811735552
367.786655163549	88.6706580742566	5.27778048071002	1748.70355221602	567.270649857367	6.76689554116918
744.507079007955	170.798539588342	3.63242625520894	4730.75419537346	1657.61624871288	4.57394340182142
330.132013451452	88.9340541620805	3.49326401192329	1439.85099330149	540.78841763897	7.1126148212501
329.677783488804	88.2605420230406	3.61311941203335	1463.50737604896	531.403634973995	7.03310690202713
308.43412930893	84.8650262083034	4.03652945109301	1408.7034199146	515.248748944672	6.70547827513004
462.066506746719	101.110201415825	4.62746478130664	2332.23274095459	616.096640363691	7.10256387693473
327.719395611529	93.0566112757558	3.58139382555795	1333.82684682114	553.563216193664	6.88728496482976
271.271199465947	85.6434558078559	3.77114401100604	1350.94351900618	537.909384498254	7.10770030832409
316.717202564473	88.2008538606874	3.97809913762657	1408.29659989377	556.44605889829	6.72140280188423
350.105659161943	90.8455928238252	3.9487096558313	1486.47245456859	538.434640235371	7.58758305454769
367.272004656204	86.5929284703401	7.60891025913937	1347.55397801105	549.151033473973	6.13530073348741
375.412241334201	86.6402424653482	7.67120260094258	1322.50210103201	512.121423450744	6.59667562013628
365.806818261124	83.4589595623217	6.7890307929722	1668.04162879914	516.23106851693	7.10135948082695
302.140988142816	87.8430483806396	3.61325212983103	1277.52440189436	530.806491235155	7.02818074909761
335.927483450013	87.0234319393026	3.95481723977672	1409.09309571011	519.386688676308	6.65072851789588
324.906715847805	86.0049399304544	4.49578833001105	1413.13618528693	515.771624478505	6.90999765975855
365.208871040334	92.2480865825669	4.50942926709364	1462.83222625826	617.338992410518	6.47274767607041
267.730606973509	83.127025337423	3.83469056784471	1180.18648336862	500.113709348172	7.46026395381077
556.530088978386	116.586680978136	4.29116293523545	2606.90542604045	802.868689371094	5.35314133613898
341.531970889208	90.5034478130273	4.26322121119542	1399.4472131713	533.560051182373	6.64280674255325
382.305741967771	103.863475366048	3.27326516955308	1941.93956730497	878.447908402871	6.71873371856707
323.692958948838	85.4561729245496	3.73598202955008	1496.11621614021	516.511534212615	6.48357535211486
319.354706297309	83.0649044140382	4.70486144829628	1445.94336068579	496.269972678742	7.27139032850618
686.205084454276	143.693163479326	5.14244736177247	4394.90813739247	1500.22797595876	5.87588907243295
324.182381918674	83.1705164855541	4.22947810601127	1421.87045136511	493.990607026384	7.24305480726322
408.602907229341	84.5573572841184	7.16031570780173	1936.20270130122	508.127225813827	8.06627410315352
408.705818563554	101.677868012327	3.80638324362373	1794.21368241434	645.329609538661	6.0294418078738
409.467366462935	98.5384631593291	5.01028980789185	1893.05588696287	658.398090700494	6.68340993326675
367.197342659419	94.8599411081883	3.50711653248591	1535.0196553526	583.803816828121	6.01539160467493
343.955604592998	100.613999632493	3.46658811904376	1503.44966037179	727.951862374102	5.69621057923111
286.157889558842	88.6626548070965	3.46206989451699	1245.28634334815	554.534035224257	6.99304646018896
313.107835768086	84.6529366294937	3.84205704039353	1287.54211758011	510.564147722109	7.63773494429547
341.435787629683	89.6307412429294	3.95129701311247	1322.4024859255	560.526364107334	6.84560299117944
623.228818376702	92.0868916441169	12.842887890609	4930.13470006892	571.323180250287	18.6413450036001
470.087568903986	115.032683945729	4.24156287888996	5107.89189467852	1533.4220512222	15.0373974922689
282.838990653875	81.2517700221562	3.80584285509483	1250.4630556185	490.380886222785	7.21192610351436
456.090128281137	91.4038921912283	6.21304641361639	1883.20007968557	552.577981017734	7.45152217092396
308.406130495268	92.8239408007034	3.88304474115401	1191.42091027928	568.15158771374	6.68871028599802
351.669680237101	92.269089383327	4.1276285704063	1370.29132309055	580.412294478335	6.38014614665097
412.748051116718	99.052463445358	4.28493015239875	1625.55593382264	643.053950613246	5.82749366941953
332.767804769279	92.2847898355158	3.94940846191207	1465.96121126846	571.542150129495	6.43916028268955
330.231613559873	89.1537277243911	3.48764965713941	1392.28567101018	536.521429909223	6.58294472182514
275.426391448256	82.7855671046034	3.4211925142454	1173.77275869122	504.366325747258	6.83203397603217
329.572127277194	85.4505566406069	5.4339550567031	1475.93195138349	518.914150348164	7.85631561725053
319.482006051602	90.30531424644	3.72776471544284	1206.98589936314	535.419797949825	6.88007380693854
421.454482633029	112.684806988829	3.20927470286648	3147.87826513533	1081.15496451108	10.2120706890545
305.135899190031	92.9864185648148	3.52428221217502	1392.20209553019	579.54130150976	6.84059123952449
307.357132379051	89.4659582964024	3.49185538218989	1398.66003835695	531.532391517167	7.2613678216465
307.648791869138	88.1335841557785	3.80589954446764	1425.07929767742	508.569985712121	7.54781048795035
372.986965232611	91.5827378636037	4.53067009488362	1845.73457815609	690.674851893012	6.84550124249388
319.557885792384	89.775325979384	3.8683688770564	1456.4185244472	539.056546302703	6.71796068022577
317.209792959127	91.673505639355	3.43724449509355	1498.39445795547	567.250281794328	6.80910392112871
378.537015998076	91.9268993617129	3.71511043815257	1660.57855672756	561.189682116704	6.36883258674641
335.649432701427	85.5532135482486	4.01803757740691	1222.06004344331	502.559909257023	7.08920243273524
292.350574948887	83.3977504116931	3.8951472006171	1293.20180090563	487.36604222575	8.08004167836796
339.5690986894	85.4589242633137	4.49202291004918	1310.09205775498	514.684132150924	7.09827742003096
281.88516730927	85.6644868935512	3.41338689777653	1279.88123547879	540.292353911859	6.62355893669539
285.540791421302	85.8484712487418	3.6381271712964	1270.04386826139	582.31471360573	6.98580767209312
295.259883646998	83.6794575595432	3.99495606125409	1269.43297360696	494.73041502719	7.07034673377525
627.344765589412	142.47421914619	3.79020824967466	3974.25399028327	1118.69115612266	7.34039745986551
299.177797596096	84.2895719783227	4.23912259818819	1447.58016417031	495.999983006706	7.35554604553657
344.785774776803	88.9664660499988	4.10022191637069	1383.83254305083	549.199380503084	6.24532241999609
359.942449618304	85.9461366901628	7.65895615423193	1543.81116484729	519.62988617564	8.53711342016618
467.082314186056	116.67908105463	3.62106737591302	2316.08401512446	932.798747482561	5.36342485575455
277.663066989358	83.0570227174974	3.55718546668156	1175.32533434563	488.713102527859	7.43459448931685
337.127292625134	85.4257339953637	7.39352387134491	1889.32369225774	525.453945011906	10.6719121977252
389.329475603859	90.6918995098635	5.55799483921474	1885.89431271095	560.699770639656	7.69852922536268
332.320096350179	93.0529461383045	3.36064696461131	1463.32820628397	569.557670830142	6.38706892276578
315.851533018277	87.75253894734	3.43801167177382	1342.41526894145	531.799626120031	6.65117231970472
507.636818402285	107.361339808266	5.55823274464476	3641.87596584865	941.614423841308	8.81762042231875
279.487535060322	86.0867761613846	3.43575936972312	1274.6126214998	529.030715413625	7.27405948921855
295.01455247636	83.461269583539	3.91309520439619	1319.33744137847	505.679932640533	7.05131949345645
351.846153849524	84.9064478876164	6.13185508823895	1657.00854636231	516.905881202621	7.87881802872794
402.28599346016	98.1992651388136	3.53149334357368	1726.45503009375	579.491169132358	5.59879409189896
360.301872754829	87.3094725035866	5.84103401776492	1636.17040055267	495.963278899547	7.57522086206821
320.569457522746	82.8817311078868	5.29898694175423	1344.0675732142	469.796551861604	6.87736853757819
388.329196442862	94.5182379417406	4.29579703524597	1642.64862207095	546.755917577394	6.29799900149383
296.618080326222	90.8017668362482	3.59066955202004	1348.81915844857	534.108920968314	7.28524457548725
396.141405610022	90.8902243303292	5.35380512981974	1749.96820838689	530.94000421745	7.85396726936715
793.802347294209	167.142362068183	3.72165829414575	6684.35465359591	1918.71438949074	6.51465885466106
332.040186365149	83.0284994724419	4.15750184502498	1358.73504023827	503.600341561086	7.217142934141
430.139017486282	86.5527979666789	5.64726323623841	1804.30703387185	519.8985245029	6.87893240804973
423.293409320505	81.1427863113786	6.86492336855265	2168.15102061995	502.087425692075	8.34937503479124
495.323155933284	114.199618833381	3.21033651473682	2363.92415076184	836.115647729744	6.47286008579446
417.336776892867	88.9486888806136	5.40886175617672	1807.26990952161	542.266344783364	7.70369570213371
325.052992465079	85.8689874409108	3.79856526173443	1382.62732957062	530.862495443951	6.56468428261106
431.901565365454	93.1090557280712	5.48967735854268	2075.41005263272	564.465617264574	7.58903423683402
313.567822836406	88.6209862635625	3.40904131992313	1318.10554676543	527.413493972576	6.80254521266875
299.710949345541	86.1780010951072	3.72215554513718	1393.73474275936	519.933245371067	7.1469948009468
499.818583831631	106.429531850478	4.27025901910064	1981.9546978054	660.921861555328	5.19555679647528
363.257387028278	87.8030243426329	7.45032751877471	1619.66463767239	547.044316104094	8.06737801201689
315.166302042767	83.8590684302432	4.26600138209403	1344.96180480224	524.132391983006	6.6865664353676
291.917642143342	84.5470230688061	3.66849479508724	1205.38430509793	518.829747745215	7.23226361780593
339.008861175694	86.3237646719413	5.25156005668577	1427.17608742668	522.59716543212	7.93249017283443
282.387427188044	85.0094428096044	3.73052219575524	1231.96722079808	508.416252972883	7.49377224063258
255.808047007214	84.7099212328678	3.13580601485249	1093.02693715901	481.071116473948	7.08390438419059
417.03778714496	115.659003349702	3.30697573500091	1617.01897976368	752.369829212181	4.17670648253644
319.367788734529	87.3239461215671	3.98656026003453	1359.73775795095	505.002845370282	8.01189159658645
422.225048560339	92.1438732311719	6.29240370455172	2087.2228988862	563.168873342638	9.30382374941445
416.007080127416	98.5367471870316	3.94227634700251	1847.98593680357	636.453485490717	5.76417049927585
374.059241875506	95.2405833031051	4.13725828787009	1452.01937904424	573.556121803443	6.36877364366299
382.671173588029	83.4079880770363	6.40869290995204	1398.18673953819	526.152342766972	7.08407895090683
342.862406001964	88.4423741628008	3.92413245179167	1451.80876929549	518.892972833746	7.42056010973643
294.294915401689	86.3829485403585	3.88928364453932	1324.88409599279	522.854958426886	7.06275590275695
373.071075294044	91.3138569819432	4.9428815787691	1685.59804418654	574.249473448109	6.34346162021559
365.028252846555	86.907571919566	5.68997647399779	1575.05294595564	548.171307762741	6.55796115423457
316.877242705951	88.2486830335235	3.54744646478354	1271.32158769601	523.522145213439	7.15792971874763
337.257908216034	89.8160916357001	3.60976871963267	1545.10181975283	557.378916470513	6.54244615782856
372.552994050388	88.6090495877304	4.50546976536724	1379.63141223664	516.810185820352	6.41035469926478
402.069205026388	88.1399407089002	5.40963651115698	1775.96671548607	545.565215111203	7.1719593359909
357.914952981257	86.0376989183937	5.69431377603182	1221.21136172508	482.866108603681	6.84689065906441
378.093218801544	94.7456601499259	3.96201436152324	1674.80041089184	609.113663854842	6.25538013037102
333.841822317704	92.5660119300416	3.374479416398	1495.79279234866	605.955590112073	7.4298831076756
301.783676112437	85.1906013544371	4.17185172522132	1233.51794990011	501.651644742157	7.18129503289303
453.848012259797	117.577054943711	3.25038434873855	3004.13247610786	1084.83750098554	9.58059114593619
313.545960642861	89.7936108351672	3.49008118965374	1299.50405551589	546.953645773344	6.03015173335536
330.707359148913	88.5074523074804	4.74893414744328	1343.94888045408	549.467448889024	6.56065844781432
290.701945352267	86.8547504195607	3.57925438391726	1218.74211476832	536.013021412288	6.68981295831978
236.030439714231	82.9250546001836	3.33118269917249	1097.45261699084	498.839963964919	8.0581170456444
304.586481512523	86.1666440679645	4.02640973319742	1354.39318130426	519.830040985683	7.57622541716079
448.730525881972	108.89206633997	3.71458938801808	1973.92240398375	717.823639349088	5.66883764574989
338.679723771795	87.8920981025018	4.35388111210391	1416.28390038909	545.374664153209	6.63720324402939
388.294171519617	91.8183703285417	4.6833154163157	1552.78407571137	525.238876403371	6.6644834797773
303.198156943974	88.4693671562944	3.70559574560885	1412.00514351874	545.703109469892	7.46216016271622
308.956245526708	86.1257028478722	3.87767301278381	1249.65195658755	525.760585912956	7.31683763656808
271.896260399039	91.6151993502102	3.03497550424093	1241.20347911821	601.491484932413	6.73875866955131
549.724950257568	103.543114480859	8.41412110401323	4190.1610288559	678.631013441573	15.1843563995001
296.248911328922	89.8319052352584	3.20344275338673	1296.80409804382	521.152776997191	7.46482668721208
321.608462083352	95.2264608000692	2.91561673102802	1432.50447020456	576.793639395663	6.31521328739396
310.254755714503	95.6299180558832	3.55895984223166	1291.44277350404	629.717656757998	6.55279965943394
446.660599384607	101.529799561977	5.34209786605007	1794.78320831618	591.059617966845	6.31319003781361
410.150464909392	96.6571991650341	4.3981752877594	1559.26582655207	590.189016960131	6.3096500514776
312.104856813317	90.9331458308347	3.3178771353736	1279.79958220479	552.532996088271	6.77955257523523
337.023416690236	88.2035737374495	4.08730229422552	1262.30822837099	525.472976600388	6.84007850560779
274.911130099096	87.9585781832695	3.1023591702937	1145.38823521826	524.348620801465	7.43770463995395
319.486945148642	92.5397468829506	3.03376360347018	1391.40793085226	611.895776937769	6.2814356735884
307.87812147821	95.9578905570215	2.80175349857958	1320.90872480451	586.232462741234	6.10855986940383
324.097406027043	90.9030944262784	4.476269054128	1352.46275000084	548.870581191912	6.74101259484247
309.216581181574	85.4644802231897	3.89641066395204	1355.78004190571	513.041874157661	7.19728970870477
364.112702166382	98.2560082088059	2.97457459014601	1556.37056878005	575.884734067673	6.50293523552817
307.315323569998	89.0892958971198	3.81147346009331	1270.230400129	527.620787220481	6.94939518017523
415.705491297877	105.589145845833	3.68442775982916	1823.43551238658	643.565464270131	5.87889417742449
288.100228297036	85.9594249918274	3.95617548388784	1320.51486669736	529.21266140663	7.58495370702217
313.090967761974	90.5598274469028	3.48263270148169	1867.4468930255	686.48046695597	8.26649921086557
294.294075544514	82.2555697630181	5.60290232618217	1270.7283764532	510.177640817893	8.07764483242086
263.319733131806	81.8112834891812	3.41635154315665	1139.98108146275	494.736472393827	7.626643065737
393.429582685439	83.2789826710471	8.18272243635652	2040.40257686173	509.09225300525	10.838547425677
254.948848999693	84.1010082518629	3.23964030128737	1120.26445707932	512.745104497876	7.53908871670804
311.633172385876	89.4375994942458	3.88147481062742	1203.19357028296	521.782613552426	6.38289546242117
372.3146616339	89.7324808075442	5.48630948585388	1697.87871605936	528.214589500927	8.37537637338843
348.372059129394	89.6771139001674	3.84046033207259	1502.77670488412	533.128755943424	6.71572911921242
354.816159408991	92.6009297529142	4.73857665988266	1473.699916621	566.81045707742	7.10905747183164
323.872303733318	90.7632661577415	3.66563570565462	1533.64096061602	537.92129994528	7.09191851563338
383.450164086047	93.3198602302782	4.91307008396997	1473.92938547275	560.689592008271	6.43969620022328
293.336445265641	86.8785582821691	3.25850943268338	1176.19876097834	511.947340964013	6.99774378283409
315.478394357212	88.1932444489224	4.14684704981296	1312.79535104601	518.75929138292	7.24663948405063
318.692034178964	84.1787724420456	5.60640245130037	1439.79920469216	502.134341182431	8.16065788317291
270.282204657936	88.4710659794739	3.02726430861702	1156.74500462006	529.311023405037	7.09725092477093
396.58126680345	93.4500436870232	4.79087296746922	1704.98143914557	648.944590693746	6.51397255518821
288.580158179981	86.2097799426589	3.85762038823577	1259.90942377274	506.195384856952	6.74833292233581
279.444757422156	85.9200157392972	3.96219701045213	1373.65541845601	521.356336869203	7.21598678928648
408.148330996386	89.2500468560634	4.7597407359385	1676.45744986751	523.642242048132	6.31681225707102
254.683615955483	85.4822403870439	3.64978041535445	1176.283457196	503.650806327959	7.97583104875755
275.925260453203	83.8657722728207	3.93967845583739	1130.43569621327	506.694438558227	7.06186063646242
324.173796358924	90.482919642505	4.3882439984548	1507.78123143515	536.516794708526	8.02781142372864
344.967765145165	95.0767864065421	3.78063048312126	1649.08199901088	593.582253597507	6.51690809314844
401.011029326858	95.2667951770143	4.9849649103361	1730.63905968951	589.687421603137	5.92998757969435
592.872811154492	101.362832108899	10.9682152683194	3835.58546650467	659.035080098334	15.8337821366883
250.656421262727	87.1544087247783	3.06072872834062	1197.22726133869	551.916332809323	7.17502453529117
308.959650871763	90.9751370442588	3.23979261435927	1309.09265688378	549.231692876205	6.12434797248361
305.89428816327	90.1607014309074	3.42888236725224	1219.36454946956	548.097262155112	7.11815603487228
298.809462303743	88.8164878401786	3.79895147109647	1322.2615188542	539.776036935004	7.55151561054409
420.788231966436	96.8892651947826	5.21570501476037	1561.53927007357	601.210370657845	6.41935823647107
278.069139724044	91.0274137945767	3.57334821859467	1400.90305879137	641.184658602374	7.21874371507862
273.388111754204	83.9584293199949	3.21529900435204	1158.12127269511	491.425531695726	7.84747571413963
279.628806866303	84.4884684606593	3.9643267007857	1202.30161599967	489.312142002588	7.80127632967932
394.960646602242	107.161190101038	4.07723631536465	1570.10159041284	765.383901498678	5.99791971681836
265.293307164691	81.6898894876465	3.86944188642034	1113.75176099234	487.849867389258	8.15969822734859
359.668545210816	87.6877524951118	4.53458506302249	1430.04037376446	531.131118984139	6.8483386138042
413.052028645152	99.4346971744063	4.75529220303408	1832.55041490648	581.888255290367	7.50521627322849
265.80518938431	85.2350460426912	3.32966467145139	1117.65520018411	513.764062213097	7.67484241849274
419.754134025535	94.8575254796337	5.80368024865288	2168.7662180928	602.884368903181	8.58475309209385
385.615339811836	103.79826158995	3.45837959776903	1717.59105000764	672.647958602374	6.86720934288032
330.795409999664	88.1588112316815	3.87464567045269	1278.87227968057	511.829843748717	6.03566376876666
281.975337684973	83.9091292138189	3.3633466095847	1199.71697657787	498.428600083925	7.55559474521854
273.046027090181	80.1267755078396	3.43134527626326	1195.85637678184	469.696901445903	7.678874583261
332.30443753177	92.9440671485176	3.5350445299921	1545.24914466488	558.57349999183	6.53729997368401
416.667135097239	99.7324088407612	4.17443170936069	2025.46809229212	688.868255206014	6.87606144879946
350.7167993914	87.2145694198226	4.00715888149241	1438.19715629045	515.926583920523	7.15354169619808
303.933989071245	91.1454037917003	3.9594540442015	1269.14405951324	586.699246592932	7.22664365835909
275.878870697802	84.2872968092682	3.22685648969068	1142.68570728209	497.467788003684	7.16001665283517
355.195247273097	90.5244172638906	3.92677559016662	1469.39261281712	562.164612535557	6.74341184859754
526.68359815104	101.318777262503	5.72863991980384	1999.70246299119	722.903081527455	6.07830640997801
323.395309263851	90.9157605467418	3.4240923376744	1304.30125960595	546.916596772557	7.33227717656457
296.152512339466	86.7402823296714	3.47276805487621	1338.19492298009	595.100396252475	6.71451217554388
304.787918526228	82.2455185235281	4.786519348477	1174.4931964758	492.228262080838	7.2819329268511
271.886468924311	84.8810728921375	3.38514095006357	1143.87520246411	518.481509563579	7.61944899456422
328.920635533296	85.2770121454325	4.8878711560846	1165.8532964771	538.31155662697	6.9580977180104
390.562506028651	82.6630522296785	6.94823500211979	1417.34442289572	513.794456303007	7.53881360606543
385.317977666559	106.094063592048	5.31368064109768	2481.98308006811	970.151867564536	7.71044270709053
340.331553872578	99.3246979445576	3.54177742479794	1871.55879233631	682.456572368227	7.11340696764866
257.164001257082	84.1178058978818	3.40968136353289	1117.75825260099	509.59419192634	7.10009319908543
313.434533115531	92.5211291221612	3.52482843131276	1323.12807015814	568.665372575862	7.1185259728674
318.667988938098	87.3111263050669	4.88877875384089	1303.71059233156	531.925168892697	7.82669797613132
302.840501604434	94.6091274564712	3.12347538500575	1258.85166566412	573.209148544168	6.82077154956624
298.747241801528	88.9837805706409	3.46933595858866	1184.98400232206	535.920543736574	7.36953735191161
323.543979191749	93.4119765370643	3.51358042811603	1411.19772179866	592.310847947643	6.48302872829925
413.580672523253	88.9878931538736	8.48682269121792	2667.59220684418	559.500861246305	14.6159369771223
289.979898758057	96.6302423910188	3.26238831820691	1239.50392748167	629.58552324622	7.02441986395969
323.960879331577	93.1361752700649	3.74011596014832	1410.22900644664	577.740041933015	6.56991976344046
332.374382091812	98.4740285271219	3.32670611611077	1581.32615301775	740.11359862034	6.09110407872709
380.181661716074	94.8261148648485	5.14749905563253	1814.97902225313	754.631704451708	6.80597476251975
362.162189242734	87.9044643070062	4.60929857292753	1269.24971777702	529.693883122892	7.02397068875294
387.654694593758	89.6004271221537	5.10292699925284	1417.25146527778	536.076612069195	6.88075340630166
398.009799585403	85.9453782881898	5.79779292469196	1217.3422665587	505.13776578742	7.38456168679499
518.66988805279	91.4540932077233	6.14017344788974	2246.80454033156	550.111964690003	10.0533388427988
396.487435733169	81.071982071981	9.68644484312476	1523.56780156868	495.386686817183	8.85138994457344
381.401201895733	82.7199736146909	7.03767392287047	1401.43916042288	497.161371273917	7.08305512911679
419.450580131519	88.36472270821	6.99073569074038	1496.12909833287	552.340174258697	6.8587107678295
665.664028080922	132.661541366415	7.02132161880044	2680.95132359195	934.696790420948	6.30308956352799
369.433018315922	93.2543392581371	4.5514618513249	1420.85531946831	623.31034597349	6.24232575636037
428.479132553299	83.223310380588	9.83644651013552	1640.66890255797	532.733609162806	8.76707333506085
531.080360249241	93.9017726680519	8.82736766240421	2028.11400385467	541.469529650759	8.41378803643003
457.490991279755	94.4867768572498	8.24833067994983	1820.75035970126	609.328796262075	7.07308125914952
422.599505269513	85.3919987863153	9.03893708779502	1588.42006848776	501.663259012919	8.34552217951848
465.312280121948	90.0808687018402	9.44946011379759	1962.63105916171	563.577343090808	8.6269400775307
474.869159473584	93.2945462545478	8.33064351710974	1899.30358246765	591.385855801677	7.33969649469172
330.090193317628	79.587326033593	8.07588178461294	1301.45840584391	475.559475197341	7.66091321250582
387.502208656291	95.8502934523318	4.7771379935154	1539.12138605308	644.859515337696	5.98949324500954
426.148280228327	87.1816472139303	8.14955633708551	1681.50161915621	505.234406452922	7.0920493272038
402.348842692461	91.8196267134397	5.6096052256733	1332.72038283699	522.800392363083	5.87857881724939
500.897702679852	92.5133117763536	8.15090127967236	2273.67605071047	547.703552184879	9.53096804931927
517.861215270574	87.2830434943421	9.15038352259435	2408.58806271717	500.611570724713	12.0465226868241
380.692481707973	95.3094443005326	5.97227227535147	1950.46185556002	584.754146659993	8.77612081990788
405.893924613593	95.5200363083536	5.01053700289771	1977.60020196969	617.040371707204	6.64478606125355
288.068844091525	99.0151590904256	2.92379543948521	1264.5458118877	567.689289598692	7.10790956192849
277.467709965416	91.871045962098	3.15902829759827	1319.12641354917	622.545853621667	6.98299667694375
312.806543940611	101.187218345384	3.13552197299618	3076.10272443935	1614.41277016053	11.5894347315582
287.568787271514	80.1466349458901	6.3846760289312	1175.76899954633	485.206838193156	7.76483625835714
347.91703368362	90.9256332603612	4.21519809914122	1323.11211927087	546.159905114186	7.07893851078824
285.676699693774	87.8673665005106	3.27923943090066	1171.11900547241	530.170192682009	6.84907005740077
367.428934526441	99.3629982048926	3.04530805461276	1375.79686269936	577.905030820123	6.78722738222597
295.74967062621	85.6944796991033	5.07274921365386	1278.41773221194	540.062953169615	7.35951739836267
348.946271944853	94.9973974084555	3.56904462758648	1417.49615624037	637.235259122594	6.69575227875322
397.576486911668	101.600767714942	3.80689324053902	1798.09323667372	632.172906200887	6.21842635696578
421.148007735543	98.8036580265909	4.44071292457887	1731.90836226646	639.307803071825	6.32054263703142
402.185109812826	86.4073670263929	8.43369371284334	2592.36982169174	523.610811509312	14.260580068125
365.394041349973	102.050174589431	3.47901674670216	1623.61348121739	670.871444373513	5.91648807128751
315.618871502075	90.9846917257832	3.41016503283443	1367.98766346827	563.144313856365	6.02672887431435
319.45562938621	89.5214126760277	3.94898746839079	1364.8152471979	525.065893015697	6.4696533331244
426.67380951423	96.017203200981	5.24362281708311	1860.16437795486	675.3682463567	5.87916641866256
272.114703177068	84.6891335710874	4.00731391566922	1122.14039143565	486.878984514394	7.22592761009098
366.263155609912	102.782417507042	3.52946197640425	1516.37778484544	611.792903804216	7.91931148592259
260.549554289391	84.9374271224177	3.15847550593572	1147.7289950389	502.573485672869	8.0487037604337
269.313933989868	84.1865289930393	3.6487570913166	1218.89864432046	506.379056888302	7.71275501634406
406.927278372887	88.9288269750264	6.69726070928172	2029.22933989643	534.421984312722	10.2161338227852
341.624484726949	94.2133904066164	3.64295348221464	1597.62124208675	603.853679193014	7.19203049135541
313.280258984846	86.3725882594656	3.18675209301535	1219.70172446475	506.281908632941	7.10233781764647
323.802830833402	87.4696139274543	4.23231530574371	1292.25363197675	514.272278110287	6.65235688595868
359.06371274262	90.3290483663113	4.12026473191366	1547.44209821363	555.331809973353	6.39503326893752
358.76832314948	90.3543768166418	3.60540624865851	1447.37997742011	558.769022693969	5.99765465714436
336.799917197201	93.9696559343489	3.23500148901694	1686.11586438144	656.866593937729	6.07763834332606
614.9289903783	134.708812049428	3.1982577211419	3831.65743505511	1493.598182308	6.39790934143415
321.961175078033	88.839879117876	3.58094005746653	1391.43084094314	536.742242771078	6.57686192452664
349.448586987871	95.2762638897689	3.9243203110387	1544.91547234507	622.126046269439	5.83165984177432
338.314217165234	88.6935605649444	3.66977749322605	1483.85300676036	556.067548695747	6.52934313900795
362.004496103905	89.2237304258641	3.6895179700558	1328.09557603373	529.406253482028	6.4443432791285
297.519284316157	87.3916438400664	3.16187133339858	1269.16918322715	528.391312127866	6.71552379193887
373.127283504298	98.4797838125605	3.17828950071829	1729.40221192743	627.333824436238	6.09637836437535
308.44733757981	89.7845852983641	3.29093767290642	1276.18238158241	554.828599756318	6.69234064469191
386.919843315733	106.050869602296	3.26448551410434	1920.60497840198	837.789648186818	5.37251884586216
293.994613627056	81.9881631366727	3.85788806550718	1148.27673692524	492.839360075354	7.18379723247743
352.786374496942	93.1038237612527	3.8865225640998	1455.53870970284	549.911175364966	6.04039177832071
264.952961003458	82.2636384486648	3.17935007032496	1099.71977871795	502.785491512832	7.18917370785957
485.008785418811	91.2449297483873	7.79847111418998	2725.77564017263	571.836115592531	11.4159730715822
294.645801580091	92.945164336536	2.96120080544721	1214.51751508623	548.664662970536	6.57187931533419
318.94951861925	91.628969060092	3.55458677287415	1351.82086428377	538.621897781149	6.4102877998146
373.088630399366	95.6284942870857	3.89265674976321	1558.26988100017	568.489181143487	6.13802177308595
440.942880230992	96.8422957988258	5.6792396795961	2157.48567398227	582.584523696312	7.58052466055916
317.247361686985	97.577280605112	2.96126568060928	1463.5364676352	632.14997471587	6.67465077477493
319.09536474419	99.7355788634665	2.94975398379636	1491.03171504905	631.592072854858	6.14269344031953
327.719838384697	90.1163145203846	4.95368485135876	1530.12212505936	563.385630509058	7.39267242534337
333.780620169722	87.9733283952864	4.00855556395638	1417.45828858332	524.200353846884	6.68700098608683
447.051696167986	87.4075838198564	11.5334083678335	2573.44818248103	518.360290813875	15.1165915950274
309.548754317811	86.2802002604127	4.32282017333255	1223.62903883218	514.643896794316	7.24992513908474
310.425023287943	82.7789919484866	4.82387258134825	1391.60033186806	498.543933040395	7.01185526875156
328.314567282595	90.886598850389	3.31576458516291	1375.95404932141	552.654798675858	6.77853029378859
292.820819862328	87.5993860970351	3.34722195447339	1277.40198535535	548.926463771596	6.72167302202682
295.055407838422	92.9104818358966	2.96371781646884	1398.05518963785	616.600520235724	6.20356890502731
390.982142891181	87.3046716287173	5.46878373821016	1639.70753378825	530.508657403958	7.31444484681337
356.875429881623	88.801309947276	4.76683500563321	1371.68743642795	529.750508126461	6.44279230125059
408.307023569185	100.077214958312	4.88825694416752	2023.25316421094	648.748512472695	7.12654016706285
331.542597713505	91.8544583511737	4.42697424087191	1499.87587317755	559.829919151943	6.40133878344221
302.466384161163	86.3064516018695	4.01125097957588	1447.08891030076	547.786990181964	7.39903146546522
375.334217242991	93.4837324859934	5.56730314101865	1863.34966987106	600.764138001544	8.07523101119963
277.967762373967	84.8025560256383	3.49695383147937	1213.01842586661	506.898638312702	7.3762804280771
304.317631049903	87.509439203927	3.48702332397242	1329.76776568231	511.459220217579	6.27292621971488
594.604327217324	128.455410827405	4.28466782405992	3073.81362439542	901.194508633212	5.95029275963307
364.826728126679	88.5067150912157	5.01294680455162	1704.6952007795	537.948505233805	7.31291664299833
422.146977330438	119.95789445252	3.12446082176068	2161.17441354882	1043.99751144875	5.55346143159868
579.001599338283	92.2985630411862	12.3137563460223	4065.27226341263	579.179135517286	17.7044020378114
354.699611194544	89.4367083756802	4.43406358928837	1484.29461262402	530.3055064932	7.81872908072178
388.593417191312	89.7202767102657	4.79164876736134	1613.29233038674	541.777878030591	6.71095129547188
317.686891460749	90.546457722521	3.45937682861542	1345.55013864853	617.283739761447	7.08595898838468
263.711994185242	81.7244473822683	3.79629109850123	1064.44133839144	488.41712393068	7.00674940748469
306.960674547295	85.7059780074197	4.26511188714355	1269.01653879098	531.139663172896	6.70468094705347
266.458858950904	86.6152421621854	3.40688099810843	1233.74506635476	541.887596852373	7.10881083146205
281.993226126166	84.5591633524596	3.44397165819709	1273.96259982397	496.042141846907	7.70686513511511
230.307118103175	80.2927199960348	3.32125793061252	1038.3301441736	478.17073052313	8.24112944055294
304.124895600836	86.1783186996974	4.42052791894226	1588.64045826962	543.814147064048	8.23849666570361
606.79147586599	91.8177950887541	9.01027943708337	3600.38434239475	580.610410039047	10.0696267083888
281.350963041597	86.250661139825	4.05147545134121	1392.9907670962	547.96683788834	7.39227067782184
273.869225062174	90.8703071722635	3.06974654419759	1237.88101055259	556.7017398513	7.0025417148873
400.351699123608	98.5889814051698	4.24003523759697	1685.64789384967	593.465482750612	5.7546409340014
397.997866215725	94.1029761583638	5.29450495686589	1639.02631787111	576.516907050745	6.07112894440394
423.093813106781	95.0526637055209	6.13770558833304	2097.2273769479	577.465757311893	9.33169427208528
296.26546908619	89.1152268469628	3.39463112661228	1250.60080230065	545.632208863876	6.27714988027978
267.51124124564	81.2573224569773	3.821138944635	1182.33483707726	495.027730828943	7.25880271054164
328.059168260026	89.0026395776553	3.4758615748134	1498.21444496781	565.687430385418	6.23057318826777
330.106905134003	84.1624887987552	3.68977178644971	1374.81927532685	511.683805347204	6.24182265019226
289.228151664299	84.7013048364296	3.61154764793656	1308.45818492363	533.333431104085	7.11170044973513
380.468725070122	94.3166039965036	3.88057881166154	1555.13860838206	597.204100341351	5.80184628687645
434.706424279611	87.9176105056713	6.55167032992834	1838.17223052649	553.019342035381	7.7905571408216
296.20031877534	84.3367953589485	4.07084755263798	1150.71874434261	474.925796188555	6.84004898333917
395.370836993628	93.3734220192962	4.88594776438207	1558.57800829224	549.903441622207	6.59473397285772
340.812584761168	87.3747164314032	5.54052685254116	1410.42470712023	533.759055601608	6.96141452051496
363.536032330914	87.93607163618	4.62996371733243	1290.98944831968	524.181079029285	6.14599284353227
353.213682260221	87.6232829573719	4.72059201665888	1433.49427809859	495.822973504763	7.23248990830804
582.24021691125	117.866128132887	4.54421715041172	3065.70329034433	785.608915618247	6.08038637863734
