mean_branch_dispersal_velocity	weighted_branch_dispersal_velocity	branch_dispersal_velocity_variation_among_branches	original_diffusion_coefficient	weighted_diffusion_coefficient	diffusion_coefficient_variation_among_branches
9174.42395543095	1017.41040645623	10.7054072853724	75842.4882652278	12607.4347305661	10.321105178782
5319.03269806176	599.812834067163	11.7193824897866	26329.7746282646	4015.00043610345	11.9055685676965
2742.87634751578	675.350050066577	2.20107233765008	15001.1202146379	5071.44702959631	2.69213049578483
4134.09463191336	987.912358602895	4.43753525588929	23630.187880648	10887.2945446962	2.85816395437512
2111.81941380095	560.125540711794	2.02290896832481	8764.10123071888	3290.00875042924	2.4403553113212
2904.97121801172	629.862026318646	5.07762452200906	11420.0629026203	4248.88346443595	2.72023231286481
3564.51035084735	771.919207383564	2.78541188869851	23889.8747697117	6351.102026221	4.14208860494045
2209.73380722293	577.868211943779	1.99816229491312	10868.1182398002	3971.38986787534	3.02196289140964
2027.34172583441	536.956239068455	2.51756579338111	9258.51900884951	3291.55902102935	3.6330319544367
2358.763626247	630.015160635952	1.80429592632536	11248.2477475232	4245.1805952927	2.69963729798772
1738.75321470494	480.714643721559	1.997324140206	7824.52837727316	2627.99141440642	3.17064652556261
4249.58117060411	730.024876357138	6.17059274934402	27027.6227873711	7200.05252854818	5.44492477904917
2275.90070660207	563.123481289862	2.70827796221225	10856.9094045472	3474.30006399648	3.4648990955188
3464.08579679299	917.490050626982	2.29611912381557	26070.8506756346	10150.2173050675	2.72268705178354
2491.70453237969	630.990726214543	3.10850137118892	10837.6979856458	4085.55615996403	2.93099353417493
2304.94799105269	598.44156561764	2.21771721647705	11003.9724957512	4102.76843021855	2.95371074813972
2187.68598757503	514.354440327909	2.7248713476657	9242.34899535622	2882.89982874181	2.82487711898058
2495.34939011206	696.657525511053	2.02318727675254	13920.3860649986	4994.76352883707	2.61925867623451
4696.3561955937	921.062326035957	5.21563705772104	32038.1384782712	10362.8771003094	3.31732249199978
2170.75498386698	654.5369195891	1.71244140897115	10687.2535751838	4748.1553512402	2.33175625993397
1784.85468324341	492.409629790157	2.02428013513871	7024.56778525471	2626.00542364275	3.06571086901833
1960.92085050751	515.806073230833	2.61657317282991	9920.31259279319	3156.35484341277	4.40861668725038
1779.12919313882	462.160533643134	2.68347191397253	6251.74624891258	2340.05948630496	3.20823781432361
2835.95487391426	721.273340385757	3.53854886682224	13494.8701923954	7598.49240074337	2.76081428381921
2120.38384546379	613.339837768775	2.18314532453245	9687.41531109341	4428.99014127431	2.73842824479846
2319.54198389807	658.0314899453	1.87521130179177	12498.9083562443	4484.68286147869	3.34602888550339
2667.16876856909	705.270595738475	1.89287298233256	13876.8965061511	5560.45931982852	2.37875431387916
1836.39053068263	483.850396431193	3.19206284844995	5916.804896893	2503.35096819465	2.36188146144491
1701.75744038457	500.532641514245	2.78442579655801	7017.58640338077	3302.74378629328	3.47644866609161
1387.35686675082	424.627014017553	2.18749410979861	5158.30331874984	2059.88515494676	3.88907600369057
2523.94287510016	733.706571264612	1.94174441853547	14951.1615828619	5779.59093960971	2.61740609283822
3023.82424795549	766.157499499199	2.51729779180125	18485.2108393109	6631.71948213808	3.58380407763502
2454.15161122368	644.327118299968	2.70476350183653	11511.7256095679	4713.17406080525	2.32813732307164
3104.39821605268	665.334662205196	3.21933115177872	19987.2564290956	4692.91653600586	5.29312033343211
2540.525875057	719.059941679258	1.94965312460769	12866.2236713283	5484.07382326937	2.57647569027352
1629.6333578357	473.424343194077	2.06271557250657	6367.40451000979	2539.80790978835	3.03046394565871
3104.38231231854	858.28520438655	1.79864785152691	23578.0640343456	8732.70277741519	2.92379857392094
3704.07642914343	900.392384771271	4.00148654847289	24135.1067889051	9241.64449898732	2.99883824940286
1905.0355499674	490.028526176645	2.16554154658436	7919.55283317723	2452.50839419945	3.34178381760616
3309.5759341251	792.717140730093	3.25610510943373	18155.8835451465	6372.40611298157	4.06179791824337
1632.26404582456	437.322448920383	1.98709970303661	5849.72843584498	2130.91427089358	2.5882119146809
3459.9229439234	1016.81081473142	3.35398659109289	31941.618700876	25853.9501681873	5.04102397492889
2289.9663529486	476.653241928285	5.01055383324408	7247.76989231006	2496.47647941078	3.22875842903943
3460.06542272715	636.073416033691	5.01654190254614	14755.4775682715	4083.57781896196	4.1759122636698
2899.77999147153	692.259915672644	2.7045335862597	17084.2323821064	5091.73480169208	3.35559294965021
2265.19193953967	621.017150572889	2.43236232179422	11409.4923072369	4543.84643940093	3.03993616862581
1926.99374215942	503.285677198991	2.77874747974091	6874.19811715081	2962.93514766586	3.00864242138615
2409.92026346427	540.380897491105	2.75613376658331	11328.6921688004	3210.61121184499	3.98279499357569
5746.21226060584	670.585697589472	10.7399232177183	29430.1985308271	4653.18302902286	10.4449721855549
3375.5438352039	666.288335145914	4.25680489130113	17331.8787951307	4935.96405149037	4.57630305343925
2359.85160671646	637.460928762827	1.86629515792346	11234.6010565391	4485.13551462085	3.0981196638838
1913.94983471331	495.388169611217	3.28326934454147	6401.78306536152	3225.02901849445	2.85245158208504
2128.72640163018	546.515402460249	2.81686547565528	8425.36594348717	3500.38353532345	2.61074405071428
3096.08680519117	658.847152772849	3.94779277489706	20809.0398858563	5536.85550047909	5.8929188983029
2495.40500678253	716.248089065218	2.66681015975616	15750.1662939483	8769.52655146904	5.49497211952568
2601.95007848392	694.946744727311	2.10511070687777	11814.3760872476	5169.55176338289	2.31659284820975
2459.63610094936	435.648788585361	7.66382198161515	6716.1640164403	2079.4779264003	4.65179327053231
1494.23250553026	450.347711301222	2.09243823515521	5619.03644983783	2254.03811592352	3.59475460520803
2587.90220198159	654.627531695157	3.23156453317869	11703.4803654939	4665.52700863015	2.52120913668278
2877.21679502252	775.160741164332	2.07599562127131	16021.9959851514	6601.4327051196	2.29672942624786
1874.0984630341	570.679442349511	1.71177705616403	8952.31597449882	4158.99092937521	2.92010487186965
2706.13092719659	721.780734600038	4.51635359806012	13704.2106319066	6736.24355268562	2.61420822266847
2135.87586246523	436.488959730637	6.55575141790139	6083.68622009321	2232.53126881722	3.83037759034289
2002.57117442993	489.428578670737	2.53295048465047	7152.56812472326	2534.53129458687	2.90146512556942
2256.12396473231	476.820615138718	5.83289628914856	7359.71501048749	2800.91952672694	3.40692054631593
3248.73570632021	621.094706066595	6.0647420368016	12921.878107505	4333.6706466983	3.80030221733703
2628.0369885828	639.117929972024	2.56563803890672	13288.3093407111	4497.70972119268	2.89884323183425
2930.20444420129	674.564574705455	3.563474853212	13209.0029080475	4647.78927134337	3.1579146037621
2390.51785475678	648.955188941263	1.97853384400055	10673.3378160827	4350.90859997726	2.35535318608158
1880.56111579049	523.634868729061	2.25915476308036	8287.4023729456	3288.73266073684	3.18131170485364
2358.33162510739	508.410927690301	4.62439948428901	8192.47469717836	2833.00701416102	2.94279745564002
3603.17791103161	952.806564572123	2.92793867261562	30073.1034097235	11113.3875495231	3.90634068191715
2494.36771948666	653.445365402905	2.42832299937696	12232.8688945209	6058.60514128035	3.85164725825053
4813.35270013546	646.54214777714	10.3659847750155	20833.559534383	4484.87958677522	9.64655039087208
3459.62842924937	781.694890214392	3.85178330005871	26664.5294532702	6542.43563176329	7.62663394048899
1885.04069016097	502.231865976515	1.91472207429425	8063.08108867304	2915.96106961343	2.9149585427536
3059.67962659658	562.269603804989	5.9371855930707	10842.2293833665	3406.26068421229	3.89135958287768
2029.99667179643	529.712257255996	2.10169199115714	8113.62364344115	3107.9573528685	2.53464152912227
1944.64576396686	505.527885071457	2.83421445102913	7418.30157278222	2875.29411219948	3.06485902350311
2218.57752382982	583.821378250258	1.98698648259121	9991.21474565106	3762.59883894946	2.60204587202886
3466.14540026997	669.023368192712	5.20661457145675	13850.2837931743	5201.83877414947	2.72124562832491
1909.95119947687	529.191074868865	2.3196371845111	7340.61660936393	3003.04870583273	2.79328654536597
3787.89239715216	655.656463359769	5.86667591126093	15109.4597305157	4883.57295697208	3.49971285747314
1898.03769869266	564.048128605414	1.82368747900113	8455.3560292829	3619.9410797365	2.66418012859277
3096.77317288161	783.50335267952	2.701639810288	14647.6397701585	6510.40144509951	2.19338849680872
2466.38406645869	621.456761074112	2.53476927398311	11444.5708836753	4230.59630349942	2.70816737905079
2333.52000503204	594.559611959605	3.05435600712328	9940.77036268925	3706.53777756745	2.7949202991945
2610.37506924698	607.807594538072	2.57806096837586	13441.1469700407	4127.60305188915	3.16692986018102
8091.66516065746	1357.05534281501	6.35778156770463	72785.5812510939	18800.9742369997	4.4443471182963
3278.44094027723	706.863546167448	4.84826727660772	15888.4942584801	5404.79874068806	3.14489015747808
3373.80793836435	817.344543282493	3.39161195911141	20646.1162486138	7157.42637215812	3.81521132722902
2400.6387974325	625.807992093639	2.64210189671598	9614.00524017588	4000.9006446272	2.22435350551843
2857.34970511212	485.846456984629	6.71539675204573	8305.04383083412	2442.41211419586	4.15457171073877
7967.89200476021	895.929884793507	12.0659102092144	60963.5786465339	9974.72790669869	12.2142327634921
2210.72471168209	583.185275872008	2.22408007249433	10061.4806043466	3597.0355946089	2.83285630572441
2572.60174247448	731.548772644172	1.82280457512188	16320.9211293192	6404.74594176457	2.9695582188236
2598.11477445922	756.535746409888	1.90628549117354	16037.4615461735	6551.90071844969	2.94853346163197
3936.70713412741	460.382075464501	10.7078060102001	13639.2493733858	2308.19879355181	10.4808431386429
3925.88721318232	937.742017119275	3.04307299356467	30224.5794188029	10270.1451752103	3.86355281376542
1990.1668082263	619.907349601845	1.61095523821821	9340.95497912664	4395.17407236699	2.42674734423229
3064.53637618723	724.062202996048	3.4675358650319	18336.0274492516	6898.37442280958	6.02890823297822
2781.18177335765	711.745350728961	3.40779049745994	12132.3581456967	5409.19074260837	2.44292762351181
1628.36125034127	445.124205141317	3.11957553459158	5694.8113467003	2256.7956804499	3.48011914358478
2477.62994201219	549.804796842527	2.78787339753614	9062.74838172794	3214.83564785649	3.13595994605347
2352.48932099219	710.78888822077	1.83133800299093	13786.914235961	5565.81163777261	3.07937408523516
2179.48572482034	449.428691921826	3.345852343678	7563.29020147294	2323.98728211524	3.30452541678397
2814.38239861899	601.82143741391	3.77798895564327	14686.8670932419	4247.43106305159	4.65279798808277
3909.7010207422	935.140703004811	3.10744608577858	30112.3999142656	11239.0949315871	4.30168398716447
2090.73389640292	618.53211240774	1.93235313568036	9617.96511684744	4308.3166500775	2.63315398872262
3156.06871733995	852.584080528073	2.41006938419585	19182.044574889	12239.2959420568	2.90499332051459
3965.11037635571	728.635394410205	6.37341287475128	18973.5901213347	6945.74941634214	3.6491345709793
2443.81083038555	656.958335025412	3.17465992685934	12209.9260142565	5035.11963928541	3.66436604175925
4949.19342002405	670.359429036818	8.7943854040921	21510.7519810463	5176.96578110009	7.11056406015835
2994.19604661502	727.999215039218	2.55493704914199	18592.4928142476	5906.27431019557	3.58397820253907
2616.2116923558	658.79283492681	2.67538372202495	11555.2420322308	4665.07390334012	2.57866560003087
3317.79898629994	753.902091925881	3.08068585786	16964.6146063559	6019.38869235648	2.70874984330656
2921.41372892348	726.970467084987	2.1528799328854	19631.9800305249	6459.04242276779	3.85416041514493
2363.91011763116	512.089689618414	4.57921918758743	7913.37288868584	2729.44864067898	3.51833579796245
4217.57844375747	975.812574568392	4.17625013456237	40284.9923780097	11901.9265878766	7.15280477358722
5869.80674465513	1325.66412131045	3.01507611687793	60755.5494936224	20143.7048368551	3.35773599171114
2454.20481257714	541.176776142568	3.50393699047338	11612.3595569291	3464.86076533852	4.76006457501272
2805.10971144119	649.670235954884	3.50627130086935	16089.9122749031	5223.2961467385	5.4542448269365
3554.07071834933	433.648733735801	9.72757240853589	12443.7931562623	2078.20560038522	7.97077674544216
2061.80877499811	502.352559237217	3.07240129367615	7383.09704444547	2796.22343113044	2.84884803947588
1447.3618509956	432.699891789894	2.33261654485429	6525.72248013376	2241.84865825473	4.50664142733383
2961.34817789134	589.666865760376	6.02242076008521	11226.377784191	4022.59189950396	3.33824144266148
3142.05090402784	636.853185544367	5.08735853304965	12102.2346540096	4736.80391218513	3.02896410374857
4503.09455375655	885.517833269678	5.39620140400501	27184.1326616705	8623.43054327664	4.1598492901919
1617.30287483184	444.038868065678	2.28106133309287	6262.72110642244	2257.31007728373	3.26593580075951
2173.69954961979	603.371307926808	1.87778379246228	10478.007406057	3926.62904856855	3.01272228440077
6567.88007487647	1848.47704794496	2.79437631342706	93479.0995235628	51061.8494192651	2.55542536140399
3297.01887353977	820.859839399107	3.10635958740654	18328.1245004692	7652.86435756914	2.41985102775237
2685.9492702911	768.204502072813	2.27601311745469	14827.2259613426	6364.93763047825	2.28538545386757
2402.75268158544	673.979841621708	3.12059157291213	10790.3965573783	5053.05397954449	2.16634966523971
1788.7597382343	477.05288895225	2.06273959636621	7161.06323673094	2352.84524928783	3.03548723601261
2536.27351127533	613.350048139226	2.72391292751748	13557.0875251522	4103.14071072043	4.14090470147298
3536.6327476178	750.070085895317	5.13342596387203	15504.1347338516	5899.03796766137	2.42215984882465
3770.61513255132	623.224439874381	8.8438124135748	14160.3400820527	4638.18770367799	6.45536667169907
2195.30532376744	565.417267638672	2.2521901764348	10133.9261064972	3560.30531387603	2.85857806294394
2373.35708517833	646.516787861999	2.65596797716332	11712.1775345369	4911.84397380742	3.138713023966
2105.97637649558	494.19553907089	2.33258456553106	7970.74179466936	2575.31319409113	2.91529624795066
2850.95394411024	680.775246584974	4.86400664813059	11491.0181417602	5243.61138507629	2.42789453656124
2810.48533919616	450.588594654592	9.77498492174106	8775.35337566268	2502.59410437845	7.10358696495838
2874.47656659949	807.605311448633	1.89857553468147	17803.2076932721	6854.13542234482	2.6059769438178
1641.29656144806	537.949516934661	1.78462482040489	7149.6591401005	3837.0006067185	2.78897428076402
4698.76940846494	728.571241678683	7.52840176646948	20520.6523829352	5663.59360752656	5.26985564937369
2015.55641360562	467.669474122729	2.57711557000133	8018.42534935564	2408.88473966029	3.16102640274081
3421.22418178494	733.971387154031	3.67120964159956	16833.7995157992	5787.78528210397	2.44697549222297
2449.66325171153	735.145574964351	1.79195362598505	14917.5829384743	7998.71302155716	2.83030055616465
1961.99468971449	511.856476304549	2.78420760861603	7624.92498471453	3150.88736154276	2.85939558077971
2539.63815574661	576.020241303356	3.29299305179926	13527.5909972455	4507.46565658069	4.08998891335402
1950.97001408658	548.919207235382	2.35316850728518	7477.83905637745	3448.08244915028	2.71828609951978
2648.00086112544	643.515862249865	2.83020394708871	10673.2789723146	4167.23145489643	2.26169616998774
2315.72111316213	569.908672853005	2.72218600646792	9474.40439619649	3534.80594703831	2.63417195246166
2550.82118071427	503.728056474878	5.75738317441806	23832.0975725754	3090.71931554204	13.2216471444127
3829.84851758476	733.971742388937	5.13487567619092	16966.8908330233	5768.86504110054	2.85677300750203
4147.09464477942	936.490561059477	3.9368489362988	25469.0733020937	9578.05990517094	2.38692487883315
2282.22741995505	553.245145556659	2.93817197617002	9903.09449658258	3014.85880349333	3.90465859922743
2695.72549142426	682.929402616759	2.81075561227678	13999.7276350803	4753.14482625501	3.41695019144837
2284.94969470893	713.1842692812	1.80001524450111	14223.9921046119	6809.89858794491	3.04885438006189
2266.27524190201	626.807434048953	1.98017440500399	10223.885088573	4286.43051048251	2.29449081011238
2887.4992217175	686.571057087635	2.26183187004335	16250.0640071828	5141.00755817888	3.69231240536602
2190.73615275068	648.018221710004	1.65465417229864	10521.0130860769	4238.26137236148	2.46248291987396
2621.83116626987	751.97978476201	2.33120681454024	15418.60077331	7005.89748547546	2.9971890015945
2965.72035261384	616.782896598111	4.44431361579998	13175.9355401112	4223.04359796074	2.60871649703391
2438.44938646162	648.651607157464	3.09561302920312	10332.0741139047	4589.12802722533	2.72197367397449
2750.31009659589	659.372736108292	3.7150876081968	12310.223396091	4678.44857147209	3.00253790535275
1981.72475837396	461.775114120139	2.89398164725863	6752.53629073168	2225.55878018893	3.17511015636618
1820.21962816435	474.335530080737	2.69057239342442	7018.16639929814	2461.51876171004	3.75063662712808
2545.75933335394	503.038956997994	5.5337967714354	8414.93417225223	2806.79576050647	3.0957239775685
2864.09401240826	498.612528406846	7.74112108778681	9146.88529858952	2776.31827063857	4.80468298903336
2681.43204150354	733.10459518905	1.74692057727541	20031.9917002272	6697.92483610316	4.26717949086429
10011.0600627178	1207.66417378501	9.39576779880687	97478.9685014905	15906.9176568858	7.83959525424528
1794.80532299772	449.630591991991	2.29721727540816	7588.13030427155	2303.39679180185	3.37579628152514
2915.41943031717	763.89901067876	3.48171137981099	16421.699263342	6823.24757696256	2.98335689988285
2947.14065198251	701.013704934053	3.05091509955188	16986.3867662479	7697.69692944784	3.489544806607
2126.73703655016	496.657909096953	3.8205353527268	7505.20849840071	2635.57421102316	3.54443356019183
2423.77627946676	703.951685788442	2.0340946172371	13333.6347516718	5663.69853131872	2.57227219959472
2110.37243600377	474.89655492647	3.73593562229375	7509.89248012094	2361.60093071037	3.22938130659961
2145.76899426569	462.306494585878	4.3578229160061	12488.7845932898	2440.17296053831	8.59055399111599
2767.97427251134	725.049846258874	2.13542036230202	14517.1182570277	6142.4162298361	2.51787972300842
2365.75676882277	591.973451340067	3.31575703044168	9800.86367568497	3868.80379642514	2.32077251043889
2421.13655993643	582.246768836691	3.37141497940255	10286.3306671228	3547.29266372501	3.2006323912439
2773.03775272278	796.413360454019	2.33475537711192	15140.4332962353	7747.52458957237	2.05947988038019
3876.58446606835	892.18878205157	2.86035734661105	31522.6628472802	10009.8238025514	3.23866134013513
2995.0193137637	790.141750484683	2.11198705834123	21314.0766973074	8109.09982549956	3.74210814765773
2065.49515272568	511.230754109557	3.39098817634626	7740.77282806945	2898.70625614103	3.08665342254877
3404.30303396013	872.008957203643	2.07820743408729	23676.2859269742	8390.16100470852	2.5774592890162
2491.51090621605	546.516020310237	4.04422731601448	8277.12278220361	3278.20522497924	2.75512193099966
3176.51488465804	503.091059101489	7.73908312763428	12679.5771149911	3039.16597749834	7.06699718453992
1713.61525304797	489.175805898724	1.84381969457065	7328.92384094502	2711.27349527093	2.85772851364502
2443.41560133155	534.339912400645	4.17245718792676	8586.17589681139	3137.16837932792	2.66484232085113
2742.10034867241	692.105691809041	4.52801434154393	13146.8166733307	8345.01464508794	3.02159938605715
1798.29327243984	495.345682724509	2.3568468388175	7960.58097326546	2866.76730615063	3.22769223317257
2126.22481965983	509.376320084983	2.50211136452458	8681.79039023655	2817.9395867312	3.34406786682121
2156.52975805182	534.270887834183	2.18774682046066	9858.3833210728	2975.93951342201	3.00507982480756
1795.97741921331	456.505018593258	2.26118492354247	7454.21048331846	2272.28471417281	3.37365932666691
2605.17465968327	550.409201864628	4.00865392620674	11663.0199034903	3292.33137999789	4.61593784907471
1795.65593059985	449.450980278623	2.51701478148738	6164.57426360523	2230.77135807545	3.27142450455774
3114.91611665937	739.033642963691	2.59551650607678	16750.8912791712	5999.14519458214	2.46473765411445
3461.66083387868	668.749833602608	4.80333030605238	15649.0454758884	5354.17028205478	2.77362741022084
3292.87005942266	782.749633237099	3.08728085982751	20439.5008166187	6449.54009723268	4.16344798723879
2472.151914327	602.065834460953	3.602358333023	11877.2438882466	4122.34003216705	5.08633518516818
4474.36239483243	576.620955575876	9.80986981105904	18572.2229675492	3428.47844229668	8.46646832066949
2248.24043140128	562.640917494899	3.60716336157536	10329.6558497776	3765.66744659493	3.38318644657543
3471.00869773722	709.263802569596	3.90539626457221	16477.904176908	5507.74018545745	3.83025028803374
3547.54714211168	882.77795470324	2.39897314498153	21393.3796907	11068.3227844552	2.78849808990818
1812.58918513479	503.534021669857	2.1961433414988	7712.29432056235	2868.99830380258	3.08566690750566
3032.82555102264	632.017171794038	3.85121390960418	14145.4065603096	4164.52580865445	3.50385343104975
2588.53774144141	502.485593627237	6.7923199239295	7470.70022129317	2757.51090600256	3.72465248462172
3216.49813117451	710.535557346013	3.55802564275521	15579.1059994272	6014.65891281514	2.58502194180656
2115.30539352664	510.62256794645	4.19875316506162	8346.99130308624	2897.13580756801	3.45176933188625
2135.02286526674	520.547832627226	4.01636170646148	7580.08591662958	3649.36162792571	2.99995945595357
2081.03464123522	630.087022525311	1.70736455596641	10359.6426013535	5030.09217196691	3.62845852957491
2956.54063803623	610.113855480611	5.57618741714066	10932.3425044504	4321.71961544427	3.25709854181803
2484.24809991588	701.509275522924	2.24842530555723	11205.6342533096	5761.37389990147	1.98304095230351
2346.62774950363	688.945617535242	1.83821991739446	12430.6874203244	5326.8107740571	2.44717312896216
3223.77968935894	735.506573123124	2.47534565483668	16939.352793608	5708.963840623	2.4679256427957
3144.00114836959	788.989503662065	2.50052351656577	15733.4061300296	6085.67311266969	2.20103628613585
2569.2442146488	708.003942136027	2.6383403049534	14860.3682858269	7752.10383336198	3.72716655131155
3137.66929315624	643.659804036243	6.41753873900727	11979.3021295387	4557.8106565091	3.30200876315299
2199.80323274437	500.148884270172	3.23335993699563	9812.18437546658	3199.87077371247	3.99038673187343
5264.55309499312	1203.69012895993	4.25035760412355	54186.9730199312	19048.7108108828	4.03632231451267
3294.95977855678	560.308064959046	7.89864951796307	12641.7730004153	3612.42015329015	4.81028755083709
5349.66166711509	961.321931936106	7.32052857551371	32752.9771956097	12145.1703602413	4.15481184087596
2751.63039638463	770.197113483221	1.89268803838195	14296.33162734	5978.20550035206	2.1580290489253
2207.15971019156	572.390408515818	2.69326570435799	10025.3677084158	3279.78806700939	4.40449702641251
3029.7632212895	536.033905789135	6.70272097489788	10627.0455865634	3213.28035569877	3.75029463359527
2151.53539763595	560.80897222429	2.3338832838195	8634.68808490275	3342.74568668402	2.49917123191958
2913.73058955883	616.938016649741	4.66863498310636	11541.7878223003	4127.84019279795	3.13538368941463
2969.84279314949	798.953534889786	2.47064223491092	18743.8128679749	7257.5903997228	3.08850535411353
4915.20518782467	656.293110333518	10.1379982334885	23010.1369071794	5178.18965805074	8.83525310250288
2847.22905694843	721.173574195934	3.30788984334249	13094.7276336962	6359.41282405624	2.26539707102742
2960.98529233221	581.271812122066	5.93086513629253	12371.0034716293	4077.50347274739	4.06986202413013
2815.38710593927	809.061986655424	2.01884482059479	16223.1551397128	8436.67853245853	2.45778221127031
4196.48708410402	1168.06230062559	2.19269107950367	47531.315532927	18343.2959901872	3.9361901177356
2714.41716460584	557.727088495559	5.42801906049016	11578.2472470472	3548.92701170056	4.13555539019081
2230.04708560529	571.392271158548	3.21232689098355	9893.44616409852	3827.81851564767	3.2809907318042
1942.41140940304	501.88481056178	2.50605604076597	8177.97770286603	2795.87105194632	3.46204606006067
2729.28617248906	770.80750243147	1.71024442757476	16266.45819414	6617.65126019027	2.78044196867958
2739.86444112058	729.159811101055	2.42822529434549	13645.093129108	5729.51962407062	2.29198626738489
2664.57636757635	679.046090842211	4.0089562071158	12727.8504430301	5876.34372564116	3.00717303762715
2328.01646412851	684.01223611225	1.76851070232455	11562.0115590895	5463.7790102058	2.3810030679126
3497.30495168585	998.297138968951	2.08815789992032	26586.2607379413	12297.286016119	2.68602981423981
5050.89278797458	544.512286373936	11.2120587799543	22331.6678860281	3006.65681919579	11.5635000641868
2660.31292100567	580.959682634981	3.13049790673844	17021.4767597282	3554.35718616706	6.63246502009818
2601.83037079523	612.193879090335	3.4450651803482	11086.4229244846	3934.98560494871	2.72804329049974
2411.37434455664	639.436771512064	2.37627307663139	10935.546463902	4256.09596343772	2.73651410755953
4590.5578503613	633.334592860465	8.60718999667569	19278.2450315891	4430.14593033433	6.74950340683254
2892.04441586888	819.717487997341	2.79738366913988	16795.3196908724	8650.30471540132	2.82121045208594
3002.26131431528	635.59188983456	5.07814055541144	11515.7045656975	4176.27277952224	2.5860016041706
1753.74151569952	494.621707590035	2.28554174398363	6463.35826440386	2723.76310152279	3.32421713634215
2149.35909864901	590.642465259733	2.41967674309583	10508.4804874359	3839.29571184491	2.89804272750513
3846.3617066695	848.079746607824	5.48870438177438	23660.5592766875	8862.13797716507	4.41092538299236
2163.81778001548	607.510671014921	2.669186898942	9197.86960049901	3790.29020198491	2.86342015372208
2216.68995593937	627.385622046411	2.68772078570011	11003.1668513946	4735.47948976409	3.71796031760318
1863.84779070271	553.280736486143	1.93925262261545	7859.94510000611	3568.77098312221	2.47809507475575
2060.71637861221	558.316607422738	2.75865153625272	9130.21855855378	3710.29056151861	3.10960400100942
2238.97572365097	577.256839699068	2.7027837130584	8624.35129911917	3376.79230997704	2.51375036309465
3052.01229495404	780.038879826931	4.20708208997732	15789.5919113298	6925.03586383358	2.91415391706569
3460.91302129487	777.428440772303	2.60816373529927	18252.7088333478	6282.4171218914	2.76120113308803
3540.35841950218	970.898466793875	1.93561285298728	29470.7181783068	11456.2921308545	3.88127370850477
3753.7463372332	819.374433097313	3.55494432621126	24522.5283235814	7860.23162716738	6.33582914728559
1998.5830342595	572.19096722143	2.09594040762994	8838.316307955	4164.92377367113	3.05351135969874
1908.00402487987	510.869438281256	2.33075406777511	8252.04513719044	2801.50464618786	3.45918072155746
5652.3066008851	1357.22867799785	3.75182487290213	100926.887406642	23035.7296901257	9.44484980622526
2726.16360421963	622.185226565936	3.46886563641492	11339.4374682398	3737.83798769342	2.28584493914438
2185.38264659664	588.617470396045	2.16353231181813	11140.6892052319	3692.90717601353	2.72505799653141
2476.28872507199	640.993475815664	2.21919323023906	13453.6084574553	4347.20053948805	2.98496461726629
1521.40570941917	443.232168374167	2.01329272174172	5532.49229739402	2282.91636155319	3.02184263954278
2093.76953020209	670.646438157608	1.52890075387618	11136.6990985261	5627.40389931128	2.39833256195944
1922.79726880317	513.998224517029	3.10856237894912	8096.15562828433	3125.85903379371	3.51254243519038
1903.38161799198	558.403429238867	1.77583743149539	8573.40631017604	3384.87776829417	2.64591788433684
4984.80272079275	993.355419696917	6.05027265382709	37444.0687821733	12949.9180484216	3.41313877055594
2450.28938738697	665.816887369039	2.60840247996508	11517.0003074044	4972.23539410276	2.57466503703459
2287.70262381729	520.321183308112	3.6777712559484	8572.37456921838	2819.03129665514	3.13089720117028
2893.56162677217	756.956752238958	2.41694255881961	15168.6933034072	5781.60104929202	2.36682091884165
3290.62015503823	482.660335254933	9.11455893485163	10276.5020570172	2327.01330236116	7.17380696479326
2382.54285117412	488.236789389787	3.74860073170666	8351.5830860988	2512.11944130069	3.19478723608086
2660.23154870667	641.998373886179	2.7576844190049	11867.4681683748	4521.60258942886	2.92909512875713
5576.83062930083	857.012319951251	9.38142803792395	31630.6570681552	8532.42732710427	7.07205604321351
3227.32058971344	793.849744962836	2.45373744662178	17526.6426884705	6865.41692911682	2.38159674917881
2457.80830429252	647.267271911883	1.90213312093902	12941.6340368396	4508.72987223997	2.87818849004048
2571.04846790628	541.016233257767	5.92261186444982	8908.33324444607	3135.96740090184	3.12219240066599
2119.53257395226	479.387111744193	3.34994262230293	7711.66386353553	2608.88675829005	3.44981596163284
4348.60169229129	696.184755707865	7.73096696621332	18296.3233443921	5173.88887598681	5.28052231338697
1942.52673885455	475.691454815177	4.80010308069166	7049.55963715804	2853.70128855332	3.48435767465731
1596.73355194982	490.338213001382	1.91718965283593	7328.1296611186	2666.35690604177	3.06848456981087
2680.91039930926	552.890018248272	3.16401620194037	11105.8407381747	3160.35237219424	3.59978180774866
2492.58427965524	593.692451938226	2.4763197732618	11240.1790171056	3574.04212650363	3.04974296477408
2211.31648633646	510.585407537834	2.53971337788951	8537.6686055671	2886.50337951542	2.59465705724702
2409.70867313765	621.170171170479	2.18514255306754	12917.8948646755	4470.5925389521	3.04232865246163
3297.20437520751	652.196034410953	5.2112307840491	16387.3515717997	4957.6254418719	3.5958794678741
2805.43725928077	732.259485932847	2.27750679303222	13583.9556837461	5774.63914387163	2.45152688123046
3573.6534542806	1035.47668357969	2.07522306159604	26249.9740147266	12788.1140036843	2.67625432287794
2103.99995955883	520.518271420992	2.16207424678223	8118.66840652835	2976.61615251817	2.71135321061473
1769.53959693335	482.13248317951	2.45763716058047	6574.15612676427	2979.03530854994	2.95754367405611
2213.87250943612	501.74902524329	5.11791545594836	7569.57229493235	3020.53781525096	2.9025820413238
3674.98057786312	594.16503604522	6.68219594041363	13974.5187438757	3691.10810550964	4.21849015896929
2835.79330217881	744.985776585257	2.43584963389817	16357.1395670673	9636.28259999745	3.24183350695992
3012.16471363791	722.678971578796	2.20770193910094	18934.228745642	6240.07785331653	2.97514715484629
1833.28925362633	536.349542127661	2.04766263607192	8465.39155023002	3160.35956060909	3.02590848315291
1947.10469990001	569.992050582971	2.22205184110191	8609.89736335814	3472.84738736097	3.05645375575149
3730.59630895361	988.717939613758	2.67171519919779	26004.8700002781	11723.5659407979	3.13064409109913
2379.77430151462	583.767647754515	2.75643201550563	10225.8705182537	3617.16821413123	2.71465806387134
4040.06601423189	782.41902413205	5.03156558871836	24330.6037363357	6810.11921479828	3.59637236040632
3732.22360214424	815.488238850829	5.07641842287778	22996.9302432934	7628.60706074284	4.60549212566625
2260.45357872047	530.224710319845	2.84687161666371	10050.6468283433	3351.1475919343	4.20995813672969
2217.55053559984	573.681084214137	2.31051152263587	12490.9379082088	4670.71642347041	3.26515374340559
2573.47165987917	580.493825276187	2.85749381373473	11691.5347930607	3986.27609328763	3.17637410342577
3334.62308462752	775.061682806834	3.1651345704959	21150.5447169142	6321.78010586902	4.51414291241118
7655.10822953917	820.713733367033	10.346154124514	54682.701701938	8033.69862428342	9.44694934990053
4058.27370296579	677.951812518942	8.28302598625137	15822.1093956411	5110.7901058717	5.88160149516895
2221.58048479719	513.695776747948	2.6807160699145	7988.0397186036	2877.08764722008	2.88328145332363
1969.07298221891	508.222280265728	2.22071133004484	8772.852456481	2973.57851302293	3.22568675469523
2796.66222996375	708.379529359427	2.22210588213372	14250.6858927593	5814.76429490974	2.37990575529541
3174.20914999605	588.951349150617	5.35732347058953	13740.5757168183	4374.82610287186	3.48210916833891
1661.6660715106	442.63567777359	3.01723528558768	6830.65541126088	2209.72526882542	3.79954620335424
1706.67872653849	518.93077701776	1.74989575086848	7835.18578658786	3143.55109907469	2.82409507255414
2566.25946500897	654.460913224548	2.5228153959845	29004.8938757465	9312.69628880712	8.49313249811715
3398.4178962379	698.891532732039	3.6787877956053	15285.8546116585	5483.77696662109	3.24370112513978
1591.04370763374	463.843251476047	2.12759273383618	6862.03259277769	2510.46004607657	3.4313683882628
1940.20629504303	499.500015318217	3.40250363547928	6911.91900013187	2827.21077534536	2.28179988941448
1929.04794898577	486.264228732473	2.9062670667861	8984.74602635454	2506.09175170619	4.22836103741248
3058.79148427708	681.089182671719	4.72538660771246	14805.4114013724	4912.212998912	2.80262461663088
1748.09008975468	515.210012661332	2.51176142890687	7453.10301978334	3564.04001881991	2.8038624888451
8865.194135856	1602.38138275768	6.15925076136937	103289.234447061	29307.2434396537	4.08401920354316
7248.81549892026	1511.49854094812	4.02352481075724	85551.716382057	24230.1159646195	3.59750442637126
2550.36753451388	690.235749310708	2.12634060474736	13448.4453601029	5141.0879305218	2.33044757676278
2459.74505357647	532.049884837254	4.43365028813112	9605.99211922628	3144.32224252185	4.12276005074719
2799.41006440384	598.75649158856	4.51324517722396	11928.9441397635	3811.05201955008	2.86384439653016
2775.72633268192	779.698478806803	1.71180661436179	15681.7769151482	6893.0098550266	2.58673356536642
2126.91359791223	484.681521999056	3.46693956999815	8629.44023296974	2610.72633756396	4.50977538109419
2156.51343367907	504.686118669609	2.54017751671223	9320.95345668726	2718.19536724276	3.13513250858783
2112.61982496447	627.809779787616	1.64867151754152	11336.5595982843	4957.14412503075	2.76080027084124
2184.6929043077	648.380167378267	1.77762754363429	9978.80076467471	4481.51628273386	2.2971463699434
3353.92488098022	818.434541010671	2.70025359701325	19600.2499065658	6623.08912460981	3.2764512828809
3320.51303104842	853.071752008249	2.89568778814992	21882.2305849637	8830.8955004708	3.83139731971848
2029.65359487487	599.962888148584	2.3667051583008	8313.7254266272	4051.46383043364	2.52767972689509
5203.9434313794	1461.4753999288	2.13911517919838	67322.1841503256	32301.898739885	3.65811924139568
3478.12902435851	684.213472084884	4.18031935802287	13442.6211535634	5005.58712266469	2.36122594772964
2640.30136897248	531.991042834588	5.06988259163784	10749.4367771703	3193.4824914598	3.43905964941401
3802.48192756242	938.115919625269	2.89676942041891	24954.5300903517	9241.97269758273	2.58386453416741
1973.23502962741	552.668818631438	1.9692829468015	7933.3312963572	3033.32223066492	2.65319071896102
2359.753973596	614.866905085922	2.43784753864422	10405.5422031946	3950.35881160493	2.6665206960805
6956.43364747211	913.054733470345	9.75456769682441	43320.2365310138	9959.05135894037	8.54254242993536
3002.03753070552	587.758053561932	6.23936952172766	11054.7266966153	3720.94787553664	3.37375233363618
2490.24951578615	575.570801137495	3.75412095073712	9274.46558405963	3581.55763114516	2.50151637776003
7297.11152180032	757.584595639063	11.5533395353074	50254.3155964035	8268.08359568927	11.4288145950964
2314.07505931084	587.406355663692	2.39132849334751	12227.5083271389	4418.70882172141	3.8192547455462
2285.6194175492	629.199782962681	2.05778182290735	10153.2282513086	4660.26044388625	2.51539777392677
3137.55178968141	717.582240318867	5.92343862632512	39887.7581989651	28423.0718964341	12.5571687531484
1791.60780140942	531.071344527083	1.99121220878862	7880.52457644591	4146.94286639328	2.8583639823475
4270.55494913418	1013.40357984677	3.15177013154255	41912.3407482826	13261.7203607638	4.49334086958165
2218.63103638582	585.22195483554	2.1211674219729	8953.12000116745	3650.11440258079	2.69358978904988
3219.95404959708	660.321894465007	4.85017380466097	13981.5623495298	4727.52402339747	3.15135637095705
2120.06354599145	571.282131094607	2.14727781536847	9473.94550242583	3590.54528315371	2.79514681682086
2531.7815531136	612.49421449123	4.08946026300422	11543.3921958382	4552.56145938413	2.72077843282169
2368.8664030509	670.58285021805	1.91791163774142	10936.3461989255	5055.82505775948	2.40306632797951
2122.78254623088	568.531886253362	2.19319851702529	8543.58346579643	3803.27815947457	2.47702199441934
1849.86224010599	463.958451323373	3.86998669791012	6689.46468742817	2615.12040059845	3.0909535281189
1763.67785858577	497.681997723779	2.29335094945335	8307.4824328573	2814.84328731044	5.3663963291039
1797.45502626551	505.584312466091	2.33241548196646	6789.75091796517	2984.3984539834	3.12091596391907
1848.90137318831	534.213855496457	2.32081268305985	9627.97110809923	3243.58587686306	4.12726216263986
3161.1810522574	789.652970671414	2.82169085087544	15155.4216936899	6201.12156164427	2.20320442698183
2547.91488978786	663.966584334891	2.25584975461092	12645.5728176339	4660.57610442921	2.51144424732849
2703.64062734247	548.061259951846	4.17276305459958	12593.9401636276	3464.84977658876	4.28028605238631
3218.71413398173	675.518283516727	4.02450079205036	15697.4376534429	5248.84473446194	2.91054287217238
2398.9581744045	639.456468501803	2.24148948857212	11699.8149258518	4690.61959606906	2.87364486876479
1430.40779800171	405.821810286449	2.20034324861393	4819.4497633906	1775.93005130931	4.00299891829365
2433.34965910425	507.760419840165	5.46695893852676	9683.94609707774	3091.83107630357	4.23651423779498
2438.75449545317	586.459928920493	3.23467756357831	10504.0597430139	3800.24042182796	3.02369328844061
1632.17295276693	447.713476138847	1.93983822120031	5869.76789926157	2205.74704096886	3.17713492517029
3885.6845868653	961.972958393661	2.60108376826761	28532.5575668929	13885.199330672	3.01079190912086
3999.97337819347	1050.68207869315	2.30562906861748	28223.7149412204	11188.1669842146	2.06019279372216
2536.95505606871	631.462454909469	2.30332274965281	13149.8315698132	4325.69535410956	3.15417021857542
5053.00373297755	1156.53709426072	4.430068191125	46772.4679661646	25382.2181802928	3.37560486059753
2084.43120090383	501.099253104138	4.21710033313075	9284.43051334536	2950.00498378498	4.77090517352302
6417.5942770298	643.822782606882	11.7793099770315	43251.9909565568	5731.90572608975	10.898931666608
2335.92661758092	618.834517197422	2.12119888414527	10692.2510960223	4039.25060123763	2.52254269248958
3362.8699936499	700.000117067182	5.62431357778703	13466.5839894267	6855.74926113335	3.18840615651135
2379.7974673373	705.448160701507	2.09695852746531	12482.5222984847	5707.75041770655	2.40693703890928
2861.42833210812	532.022509253812	5.86915321360619	10652.3700122043	2883.50835756213	3.42683248758568
2709.47623505831	647.768822092056	2.43485091052322	10587.4876552375	4189.70955072432	2.2365342112267
2042.19302083062	539.051345348289	2.61528112843293	7325.31285433902	3453.18063307087	2.5025884245924
3406.80135360231	652.300669651967	5.14379078701616	11799.8583760656	4058.98912799138	2.70553843097305
1819.45006537903	498.824379324764	1.90092859107722	7687.93701275441	2621.00338764458	2.85517520397111
3979.20514499539	1199.05188744652	1.63375115057662	35153.2506413192	15641.935800847	2.53748719407105
5534.50113884692	1392.65174534855	3.17853154958659	72344.2581939518	28451.5042431233	5.93340313223857
2448.03978782047	686.577234118262	2.13033147525547	13960.1028257693	5591.7464463246	2.5762212205647
1603.94336944249	470.19566831264	1.98861726030482	6261.14895445293	2460.10040085161	3.27274581583348
1721.09868912507	479.204254302853	2.02152720487488	7872.87485689878	2750.70188595712	3.46370393865665
2011.38931818134	636.543814282315	2.13512042564532	9969.47778505866	4811.41302620852	3.03006338435946
4481.62327732091	740.724894895822	6.84725840215402	19790.4107755007	6240.86499921361	4.15261811151807
2959.18166462249	774.081964204284	2.65181091545626	17297.6925497786	6607.45632448853	2.61697445447617
2564.06590155228	618.367639801908	3.44984269327529	11833.8775056071	5403.39214696207	3.20123350898499
2697.79731215746	687.368872048319	3.41438851961808	20697.1399018349	6839.29057115602	6.71161369275417
2689.34032275867	573.301717993447	3.82741138364794	11984.5688520122	3193.16645170827	4.13569306002008
1860.10593595692	480.968580277893	3.5122931507114	6664.59766815675	2821.64736414737	3.31963690403947
1863.09562365315	498.260758896305	2.2952074348286	7479.3151363137	2761.87651969695	3.01536551553639
2438.6892731587	615.52024835818	2.70028057346028	10204.018363154	4218.7304486528	2.59101323181467
1827.3882815457	516.411647395833	2.2453602880731	6790.83839554489	3120.79841868646	2.64752335158476
2681.73453725135	699.007136688229	2.39934650444027	13193.7548847501	4992.95824678778	2.3402827420373
2466.89946521513	738.128492492223	1.77781950540557	15239.4383986988	7002.42908147068	2.44226590993439
3643.49194418612	810.708601788394	4.68618470472044	25549.2092456428	8077.58823611843	3.61393094857392
2234.32286892495	578.183817557817	2.71672165323357	8931.125015669	3706.73191576156	2.48101065822816
3190.83070694931	1000.2258317382	1.69274994020989	24610.1613914782	13626.3812377274	2.17916427642596
2700.74449216789	641.267792192359	3.06886195846492	13351.2144599169	4414.21368412285	3.14739695866733
3809.58620283664	883.290814285005	4.09377199542406	28449.0511755783	9681.40444180686	3.84876576532063
2816.50860049892	788.347407597729	2.07584566780003	24578.3160070154	7894.30318843396	4.88371704057052
2504.41787025622	562.075000822112	5.60609308225538	9496.17655655569	3510.66300913467	3.29276441840617
2352.50278754568	534.617116292903	3.36127512867746	9796.16927029364	3599.66073561827	3.14184404973885
3387.3643853755	861.148346363587	2.90911006968257	20716.7615380271	7463.01984084225	2.98207034620398
2659.86944322376	724.54137990298	2.15953853821878	13428.8841130668	5634.48145164207	2.36559889342326
2923.11135896937	625.572477597212	5.19469611009327	10631.9464438289	4674.22051361702	2.90141762511083
2134.35685602197	496.781293717287	3.82030965467853	7662.72160411073	2872.49592999327	3.1166521168199
2978.09830766985	732.029261501432	3.55324438188927	17160.1840306444	5983.59103242177	5.29575456192252
2397.69515409469	539.166696224763	3.93882855029041	15018.3742869827	3307.01425406009	8.01009427395894
3088.66626388027	678.958121400053	2.65240369713525	13273.2623212624	5265.15277446345	2.29039483386296
2586.49480386389	675.926296115187	2.69396023751511	14466.3903925468	4809.21699470373	3.69947828057531
3582.16593062868	495.830027644874	9.7335227816165	12431.2395781094	2626.94454798963	8.0307223379388
1963.02428530327	458.160630247607	3.42920024476995	6519.53599480414	2251.86565184317	2.91266858878357
2994.14216760004	676.249762667159	3.68907940907872	13046.9221944799	4348.71548932638	2.49954226278855
3039.90711540153	842.876848226475	2.37270799795882	22134.9651930488	9142.2001039079	4.02947643952121
2146.99037778815	608.715620967469	1.95251617335123	9392.77474124036	4406.14992458854	2.52849414788913
2241.68416096121	628.59117342259	1.76473930937426	13348.0275352638	4781.32708179932	3.68271848116973
1545.33495945981	396.447106688542	2.86307906465268	5249.65949938832	1875.55142750145	4.18925246925212
2559.58903927206	602.787990047461	2.68438811114528	11529.0356519119	3921.29764714157	2.59056945427592
2343.39802969029	591.851614125381	2.39087959416841	9934.55079848612	3762.52085409908	2.62823113723589
3916.75869005017	965.088076254022	2.26982087898026	28916.8317914178	11930.9980852718	2.98810785435247
4295.11250621699	1008.24383060511	3.1946828348826	28650.8047151772	11491.7120377079	2.84934948429091
2075.27923208146	533.958416659075	2.30463456092471	8769.44776090681	2962.07855504197	3.19346047817845
2248.08180662053	580.138569097971	3.117460709916	9075.60288367716	3854.9407609111	2.76417942105659
2418.22311789512	665.155826238992	1.76708739916206	12402.5875827748	4654.13240436367	2.66183763992892
3316.84977789983	572.437531967304	7.27721510473949	11967.9592743694	4108.5455775559	4.52498167811154
4057.05036738229	988.542915879485	2.36988924312971	32989.7591305155	9552.57600236231	3.2336542742819
2442.30947096982	641.620866398057	1.99850176774813	12616.2268660957	4777.16921794417	2.50301229508734
3062.83684647623	636.096372280614	6.35730680858911	10745.2243343403	4367.78704006597	3.21276251163311
2591.41131750112	531.325908864561	5.87363925736923	8480.08501045795	3031.92593543316	3.08958164802493
3386.53374052403	542.470372960078	8.29288352487783	12971.4208036725	3550.88734678931	5.4629771213641
1631.30490527694	463.557212093189	1.92567247322772	5677.72135331752	2210.92677306177	2.98725958790859
2803.07348036435	882.07434054699	1.52112728335941	18627.6236786383	9016.61770971218	2.26452693222367
2096.81661047102	470.80175691665	3.00352441392683	7823.27548847312	2515.40495889955	3.78545723351189
2781.72422214804	741.050682648676	2.16660716607729	15459.1274633235	5762.94345856922	2.38137796897696
2530.92147593132	657.211752633175	1.94866940329521	12514.6926402822	4397.99443572989	2.59905309975696
2460.00092905228	650.840205333387	2.35119390442831	12561.428961163	4721.24698966074	3.08437925872247
2203.8617817938	642.2100964356	1.67707385980378	11888.7392940328	4497.67697070783	2.72207217540375
1996.04366448051	579.553531217963	1.92835892389817	8390.7105032198	3287.92311905905	2.66804387377613
1925.63093515713	476.828406393531	3.61202335044861	7486.10666738653	2530.86428190944	3.47976381034674
2244.45079469158	670.719134815889	1.82416560952933	11219.0420514093	5016.90134256777	2.43176101910893
2637.88957007791	549.760602823845	4.92650308545448	12166.7285676579	3292.39731287839	4.85700529998714
2700.09819416468	715.275379216134	2.54798733223711	18122.2717369816	6949.61975836508	3.40005822453609
5711.35515624759	682.102079358094	10.4031419301263	28955.5487409344	5030.70378914709	9.83624679259467
3338.50237489887	799.329154954024	2.56825113158635	21515.1496076896	6654.21830848582	3.09064194182185
2445.11693880742	632.31204693353	2.05537492688915	15826.0137183292	5497.79476955774	4.24888813606511
4997.3763801402	1047.44767619368	4.5305995779865	55530.5594208929	18673.3707209806	5.34226208930677
2211.56613734266	634.468179290595	2.46303719073547	12207.5818427286	4681.1738650405	3.04246923275461
2303.62055600588	618.146746091966	2.12647830289647	12050.5710019699	4681.99773517749	2.84509359478434
2699.52003988429	714.590435154744	2.4486506101416	15744.082545795	6372.76000065569	2.76777463210399
2999.55266365937	540.163329843777	7.86514003916827	10322.7551115763	3518.10631504883	4.96588987089033
2657.4517671586	607.146465386367	3.18771810860517	11828.3378238388	4109.43899682887	3.08178855206424
2653.36707240217	717.346647297415	2.11524993457417	15611.5611767249	6268.93588574117	2.35990756542223
6792.95013615972	515.348678411395	13.8052104169171	45456.7497869754	2884.01101417595	15.5815614053223
6519.91873983754	731.272366843122	10.9251477937137	38233.6627515035	5543.73439846587	10.7333277718668
2653.82455601225	713.551138491977	2.58763806587887	14407.6235163714	6482.79658142235	2.74749102892324
1789.93896215545	446.336173183184	3.4612786292391	6115.57573853601	2224.96569690806	3.58558002033153
2018.17513211258	581.936048615358	1.88798981664064	9953.38070329443	4408.73686386355	2.82416803909877
2808.83117213593	658.16145236791	3.89269929862208	13086.8096642742	4659.62174382388	3.49746745315766
2861.92440153374	621.476392154219	4.4829435864883	11454.0764890572	4249.86154533947	2.64020694979244
2899.35703704306	708.07906117362	2.59351054956025	14309.3389848016	5001.58447459836	2.51959015671347
3313.05712751829	794.782857447783	3.42485568383305	15579.2022077184	6202.50684709885	2.1603180462878
4183.43068885609	785.432289501867	5.46482565950263	22616.0943991226	6709.59640361671	3.88430316133832
2837.87544703858	841.703828041289	2.26442902155851	16219.7175234022	9480.85432567253	2.0067268512601
2352.34576420191	624.507308595599	2.74671209326973	10636.4240055299	4085.41682949817	2.6041849698066
2376.58480708865	664.489552526336	2.23401124791306	11632.1821970544	4667.19720436631	2.98637828456798
1737.9026578828	528.668326761874	1.72814033676145	7565.64184615728	3324.58580244392	3.02253609341092
4947.24990063075	736.713507014241	9.25179433271785	24549.6080163998	6429.27484435543	7.07052580597081
3215.61546166927	642.533350058848	5.66682420684233	12773.1324409104	4596.20985343642	3.24807033871701
2267.54281110195	578.510994533765	2.08637033860601	10789.1104767179	3550.40257231833	2.79112031300858
1781.40902805057	483.757467683031	2.46276471252326	7639.81528993613	2676.53795159927	3.64523543905874
3988.43387321732	962.732271678997	2.57525437018032	29090.1734211081	12104.2597300635	3.09089393679761
1718.21957770305	488.721246571489	2.08824994254267	6225.07746170994	2558.94330544806	2.93286854980917
1674.57812230408	504.478963261205	1.84048040051666	6704.43016333093	2806.320617308	2.79626901056385
2304.3908881985	579.609044384166	3.17784404817824	9035.71487808101	3578.84953250047	2.77503529523812
2944.71484342806	775.226948553461	2.5401083839671	20893.4401915293	8022.69924710377	3.85873273747496
1836.27718908189	544.49633637491	1.95936693530492	8635.02101295915	3611.85051321509	3.29273721225205
3582.51028514514	868.032469269628	2.60422679678336	20820.95244379	8714.20267509047	3.0221805240191
2154.75288600694	559.77027738846	2.17335489908021	10006.4214986389	3573.11557810952	3.11129124849036
3222.96713410476	695.96844409881	3.82257824247825	14466.1807483382	5080.01894325156	3.39150616729489
3912.79723516992	490.663670031561	8.84616228475223	14114.2227180447	2541.58298163331	7.61801664933344
2686.3267455186	663.599541482068	2.90341447078971	13950.9103682992	4839.54824980821	3.3336556920909
3174.67660763426	745.977912505153	3.08859683450332	21494.7805091533	6946.38145503872	4.37501763136876
1969.76224280122	516.248824164067	2.38489908663186	10120.0670371095	3412.68441293077	4.01738085486365
3035.06763109979	699.399527878928	2.59893610532325	15733.2105379481	4955.18348708386	3.03914164222414
2615.12840535102	567.65971580475	5.23826547627696	9769.12836263852	4050.21334847202	3.38099964473101
2700.12318198981	627.35514092758	3.66437845771472	13167.4027567754	4627.85365609265	4.52462508621355
5183.91519086821	1011.77599340539	3.05795130243209	35975.3334330656	10547.8157199511	2.57339349025402
3890.29401207594	865.48430056865	2.85230889170717	43517.2513545055	8986.47836602447	6.63390300084898
2053.79956502139	553.034485381531	2.09515706244858	8208.18539602949	3143.67204668402	2.67260175417565
2391.19732250553	581.662237040309	2.55098852923861	10105.5562608543	3670.67236363749	2.68038133046782
2649.33173477853	589.524079716192	5.05718166612703	9969.30481481033	3941.60186677252	2.96217116344181
1771.49697404352	466.518192107723	2.49371521046422	6389.21380232675	2454.35476745988	2.56661626054388
3171.24322714417	617.476832412539	4.24903613128336	17384.9576337132	4124.22121281022	5.34176022549978
3046.32195654659	722.015443839097	3.53392219642621	19912.9534425976	6238.60097268933	6.23976111377932
2273.29827296454	630.983688164101	2.52910741823325	13158.2341860645	5051.08815875147	3.67964194536974
3018.2855752211	677.274769362465	4.39139398774826	12925.0323422774	4717.64776100339	2.58955406141141
1714.34557165996	493.430571489419	1.86146920964867	7534.52564715792	2610.13506562879	3.20992215353438
1993.37940109988	588.190073887809	1.8990963759099	8480.76392168986	4083.8300916289	2.30372401573225
1971.53153094724	547.253325529589	1.88733856267586	8871.82096637628	3374.72869758075	2.64913992282265
2167.15176503771	619.953496787025	1.96851205282817	9252.58501341696	3891.93067527736	2.55350753511657
1506.96820403515	441.214986581109	1.85135482381668	5343.85726701685	2017.77964426804	3.28031400700144
1791.903353718	554.647479716243	1.81340921268986	7464.50513969058	3507.53737094635	2.87749769646201
4505.01466490214	883.25052776779	5.20170160198802	25821.3459386396	8441.21912077979	3.66466257691899
3659.71459339991	901.564648385988	2.78016533063844	22379.7260946746	8263.55344675561	2.85334138003972
2113.02788232938	509.599211151728	3.64541561570433	6933.34719907858	2681.50532093065	3.05089534436235
2262.99698992491	556.568817079723	3.29063815693869	9239.93431274717	3391.3782615979	2.89744841917992
2393.11091654214	646.804699169005	2.13603429871735	12485.3844999087	4941.05465310015	2.75451782279315
1861.48415651943	478.631681805336	3.00024280490124	7145.75531357892	2559.15256186862	4.09492128487775
2220.942057426	508.295685636034	3.24696117042659	7577.93158216049	2783.16360523974	2.71445214609479
2768.90699832435	655.063876770248	3.05322474316695	13806.6756683703	4974.36728047741	2.58226358318993
1940.15916153931	495.715293798189	2.59732265702687	6685.81424285318	2509.2520573548	2.93762665874051
3867.59571375219	814.32992345865	4.67136914978857	18205.9094315882	7154.18617047994	2.57436401166879
3816.89621632787	1021.57022775894	2.04736994748637	31002.3278165893	12640.4755083629	2.6878836532753
3580.3096319106	668.801892911529	5.60021944662162	13443.3934568414	4519.07317769759	3.09230641140964
2374.14850453597	600.538825280965	2.38227212391756	11178.4839492733	3764.65113000629	3.27636308147262
2132.3212418136	581.587413847889	2.15807455325346	9313.35546757107	3511.02395370623	2.98100772119519
3532.34945499708	702.361721256321	5.24880038461052	41348.9706677741	5927.54366168295	12.3257213121905
1608.37221699803	489.576356695912	1.80904956698586	6593.66164344096	2619.84212622868	3.085257929688
2270.14670375071	629.359959569859	2.76939453348676	10076.2460920609	4915.77793079439	2.46527822051296
1939.87063852842	533.830561940701	3.08639690546074	7393.92943446358	3030.67556361845	2.52862168722866
1738.80947465416	454.71669346206	2.16352586465457	6208.10367708856	2290.15565170014	2.83015562805016
1462.70774295948	437.609429572767	2.15686388144665	5289.82170347901	2172.96770856363	3.22992409655501
4005.82258390289	784.019192977903	5.47494212334153	20756.8172448695	6960.26448757833	3.46164844284024
2887.34720968	731.792767192932	2.69762946640714	15290.0688542877	5311.09267690192	3.3112310557329
2559.36880601524	581.647880259508	4.9635508875034	9844.06736391508	4859.16247679995	2.9394057828169
2342.6760128651	477.683273304766	7.09099327868729	6221.22301659348	2587.11205178176	3.99310462471531
2676.09819524581	550.781534914808	5.10775741148304	9889.35052539958	3252.8886892741	2.94980439607312
2706.93278025017	698.573140041027	2.45061283556192	15192.7733765804	5464.42525968716	3.44541179488126
5055.60825780729	941.268489178393	5.0111916100746	32965.0067247188	10962.0623263621	3.01746515589778
2681.24906412822	661.62615999803	2.84418308778707	13023.6734463962	4740.59618854194	2.62490031002165
2210.85084822731	530.511289346934	2.51281352786457	9686.59186824363	3172.93932051002	3.06064017202047
1880.17507917138	535.940964025969	1.82625806608041	7742.7639461664	3169.17764378426	2.91702405407588
3077.76001994773	571.799923781193	5.2248563751171	10411.8544912798	3556.32012182367	2.9952484052984
4119.66616889526	1321.87122198037	1.71152563503102	42883.8312080792	23618.8553357359	2.34665162037705
2510.35218572688	665.866649801103	3.66865291640831	11117.796013721	5295.88362207117	2.7685366097555
4307.6431756504	1218.92785918742	2.12371587801494	38901.2973909427	19740.0281775728	2.79211807667474
2496.75234391158	713.197434720037	1.8979174519927	14347.1849936254	7379.42895992395	2.85462135750682
3267.28868670424	915.748380111557	1.88302708624276	25037.6110716466	10115.2306307173	2.7599044625574
2055.72227403236	544.756706625881	2.24848596428029	7618.24596949354	3068.83011243208	2.80982023320346
1630.24194753942	446.159477411015	2.10881541644989	6012.47698272704	2171.70815342924	3.36235226935609
2048.44608749563	531.607791022185	3.3933007361821	7603.22130328272	3108.15280128641	3.12020990370873
3955.7672606612	773.347478123037	7.01919662581986	17085.9189041596	6555.07267001024	3.91422944050945
2323.05148923214	612.948038064775	3.06731288931788	10075.1309484442	4369.23240035793	2.65942497245811
5876.19918171645	1231.23355232723	4.30822014962292	49223.3747864134	20616.3374942282	2.67322006499698
3875.66357266291	1046.47511774687	2.3809185704395	34929.0977445783	12282.0536636142	4.27539271006635
2657.09183147956	624.691476609665	5.22240183091207	11867.6391371881	4477.4481177633	3.07100212958082
1988.43091708951	574.218334463748	1.78449617239284	8404.86273741281	3606.08033889062	2.38847308806216
1758.02389173684	522.24387927604	1.61023296849165	6684.08871617518	2807.00729997945	2.66329899991892
7287.93193320883	1262.57942049564	7.06854639868429	66831.00911866	22300.9591381757	4.34378718470521
3650.11194133381	777.857185850435	4.41926058404549	21244.3621223608	6544.68084131372	3.81131112515182
3397.23364134194	837.960868590785	2.31803869280567	29187.0533482098	9045.64852430044	4.77287397335593
2884.33925522451	724.279252724634	3.09369418674851	21372.4325641185	6397.09318637176	6.18896388600968
3047.56880129179	576.008956477004	7.78968705602134	10942.78624779	3631.5947998245	4.58910028547142
2765.23478520697	666.548977915622	2.59614170890719	12196.2872506765	4681.54645554757	2.84236456393607
4338.23590237326	825.917869022709	6.36357617226562	20353.7858422632	7458.63561830233	3.54380026875428
2220.53959134244	539.941465535404	2.52101660247807	9958.99722133472	3206.39303245707	3.64628083794054
1832.30922590076	501.167438687438	2.89139996669184	6696.2964893314	2885.3962858402	2.73839107045826
4340.90216364652	903.648504377378	3.89772434529794	44540.0529706247	10240.7228833646	6.32249782325112
3078.23026029691	724.415270946543	3.25463923357074	15871.5669015637	5523.80343883971	3.53121234950331
1972.19340853588	537.743577589672	2.4618772867718	6889.4679426401	3362.15097095963	2.75703958748644
3234.63304835841	714.119633040929	3.60899791374239	14663.9056615491	5307.54837306908	2.93171339289545
3043.20197503021	670.867108584991	2.94402188674966	17106.6402933036	5014.41705163835	3.49087706112928
1905.33524470321	502.929166304654	2.20494718142728	7462.0247435845	2809.42496198838	2.98252841352557
1881.22388900597	494.99616548276	2.17173507315813	7891.93443953891	2746.06183349957	3.45095610452285
2464.53108081078	583.900666468063	2.25503005917578	12209.3863071836	3605.50480631106	2.87436485591649
3150.2862099499	857.196803139066	1.89608782417004	20922.5246401733	9404.79977405803	3.05878875124219
3560.37200350234	922.816221239513	2.5021115781411	25071.85337692	9390.15733330316	3.5037562756299
5599.02349960091	1425.36087122584	2.41324450378146	54228.1806452464	24750.1490532878	2.4715819329081
1731.49088395846	456.843676781457	2.25437078472422	5808.77292174929	2396.72076192848	2.85753224168693
2539.51166973207	505.144225369974	6.15515698435567	8922.16394554623	3132.13440732595	4.0097116005814
1774.54210240892	518.24514942035	1.8719801509406	7203.20233736102	2958.03488299266	2.68245953106476
3811.56475258058	981.31629159044	2.51951578818989	27309.5674803924	11682.0149298068	2.62815568655876
3664.80545094951	884.425807256581	3.869586470052	48865.5579111457	15757.4469078931	11.0444380286894
2559.94309444824	661.497622115791	2.25410422184953	11817.5724985707	4404.21642076954	2.2284420661029
5170.13032111089	636.605205438	10.7829563112627	23885.3386422026	4297.6449463742	10.494078710798
1599.00706146881	423.22202467882	2.51811715066411	5396.57064048615	1966.23201526387	3.37261786877777
2375.16144211241	528.629413375024	4.65192134152443	8559.900939931	4453.21247932071	2.92455740937051
1811.7341804707	522.102015414186	1.9226500678548	7513.50323899595	3281.67256886771	3.08024041376232
2116.19451538319	495.749936772512	2.92236787847612	7693.54290039026	2511.40319968352	3.04903907230498
2285.9612515066	565.19162335496	2.59713268552765	9308.34999952742	3191.56658568442	2.77426592466587
2016.267686411	541.958509926888	2.00428775246956	8410.61451417214	3175.34865887228	2.69848419658696
1924.16329010721	585.117033868104	2.06213914055653	8096.14888820249	3602.98857700271	2.10790206358985
3349.91156382123	920.16312251172	2.53647204938924	20128.11436947	9154.93677016863	2.0015549145107
3785.0526374565	1050.26523380327	2.06820815940113	36371.9354862922	13546.3367905822	3.06552423790806
1840.40485915592	471.650145085568	2.58586038935176	6351.35307545624	2220.96178160907	2.49883360128936
2918.61763359654	544.71487962601	4.4882897147316	21728.7671816765	3539.10981339493	9.58324507178889
2499.47628635118	572.447020937951	2.6905448942909	12305.1043844735	4486.82193232188	3.35421647263255
2603.30139127807	680.627010833218	1.93860247917142	14235.7416994573	5075.44717722927	3.09376619526982
2967.43185363193	644.873987388842	4.23231380178666	12973.842324909	4821.33167352677	2.91388716968435
2337.0784863415	578.045045890456	2.58727436081823	11911.5396752652	4061.08386784982	3.83467157430459
1913.88165816108	510.934143761441	2.07555634579106	7826.10713454985	2762.46943142626	3.00194110163958
2077.25496240881	610.419174000169	1.77457467982357	10342.6801320734	4246.62634063606	2.86163750227552
3475.68403395314	846.325588804774	2.34781192090092	25548.9153985199	8414.74388933338	3.3017780857249
3386.31767014013	835.700392821727	2.96974785034907	20863.4475055932	8640.55513872479	3.09868179994171
1875.12144863156	550.787037375277	2.60528657087109	9512.06181143294	4402.38593429865	3.56971685683284
3070.77554304615	750.791563727022	3.7816448547863	14322.3814667275	7215.89678427733	2.47756673725952
3552.75130125304	758.174072572158	2.53233841249517	22062.6896422833	6483.18569362457	3.08772894876033
2400.84024862711	499.967462200735	3.38263783211085	10524.2587634212	2652.95934143165	4.05980438894139
3004.33340607095	697.81979584007	2.81574268700254	15732.2378074968	5366.97845673931	3.20219887380126
3916.63437808294	838.540118505211	3.53265478880439	32965.7694582381	8801.9535790498	5.47735262859564
4088.78559562927	803.909565588363	6.91744381332852	20906.3402929592	7875.67649391875	3.82122117848783
2212.4482065148	556.217368133988	2.76257229961758	10940.5649161406	3680.21925868852	3.91058325648092
2898.92342322217	639.774141339905	3.34297089782642	13626.2771869127	4564.7601968123	3.95288041865235
1993.51687664184	488.164205000918	3.19430462190455	8308.47647634164	2540.85662482938	4.11034455468636
2086.2974651046	450.278243457043	3.44363117264242	7300.37133179088	2278.94073093731	4.09745323512064
2315.14469968458	592.771890568309	2.11311488181282	10903.0752451987	3989.54144111741	2.91959722307575
2198.28533219208	581.443058731489	2.26960459236522	10824.7743593991	3694.83272397207	3.92535428764376
2225.51290966907	578.530450393805	2.25141913225132	9124.95295068438	5130.15816105461	2.58581721070198
2079.96390291774	531.154741036423	2.43215055134471	8179.45077942384	3059.98846187834	2.65682434240405
2322.56803494761	536.338945824722	2.52333747817576	9959.82989505834	3242.3730191032	2.87136766605484
2535.09541781015	557.850343941122	4.55205265612634	8832.22221248572	3227.41210617006	2.61648520602942
2256.7784390087	579.823657531059	1.86990317087001	10153.4002991178	3488.69963490817	3.11510383565318
1818.3207230168	489.929403100111	2.1325168147035	6804.88871754887	2663.46151219662	2.89892846170293
4216.89485309047	1015.43214148913	2.2962104785716	28357.8128387214	10554.941655821	2.48892833915155
3768.49225731986	445.671518863204	10.528493102551	14020.5424442473	2343.28345211214	9.1893569580012
5040.57551285363	677.64522025802	8.5547937409974	22230.2544496534	5127.00140501812	6.86211278427532
5702.98950846429	1419.70980107051	2.75462841449792	55646.6338385465	27957.9395591086	3.058845618405
2203.67807899229	577.202235296952	3.41441691626859	9728.49768497766	3526.27851578386	2.65989883697431
2001.21273658468	498.726001885164	3.22075527254299	7360.36580198584	2961.29169629335	2.78909305291992
2581.52412673172	608.37817132422	3.29836583637145	9921.94391323238	4586.72956627213	2.44770670890814
3661.34793344096	952.611265016492	2.70034073691753	38291.1153826146	13768.0279610015	6.39723089201122
3863.75977366926	769.847499516938	3.79941084959193	20198.502983324	6252.49833813	3.37781599051485
4088.26967059046	916.630504658684	2.81124041740496	28097.0775445744	9123.36024564864	3.67926673531154
2904.49422852473	823.376393474297	2.05503264642636	19599.500589505	8589.54248460472	2.93794142728428
2311.05809500329	672.60393233536	2.15983759513065	12020.0630666784	5420.86966123513	2.63933999991062
6119.70096523798	757.573985529237	10.4181962487767	34000.321717278	6407.38206157037	9.63973602704056
2803.90823333401	864.722399269802	1.93877187721301	16705.1794455413	9173.93163057995	2.22775645535848
2848.83459089761	779.002802939466	2.31232644557714	17273.7431503863	7815.06630842028	2.71273049756354
2557.55020219303	671.824058334752	1.9801707142358	15334.3556773651	4719.53587607321	3.19694132463602
2131.07467129227	470.190511687781	3.64851984798735	7367.16205691218	2405.15660542549	3.1448250870276
5386.81798006674	614.820247131195	11.4194350163163	26559.9057523562	4585.36914886062	11.4876836156333
3191.03032805446	705.561231772601	2.72101836392375	14909.6938765179	4851.73937368251	2.22862649956352
4264.94539999486	1051.33283956591	3.02787978986049	34972.0173146349	13974.8423151115	2.96233270700414
2913.6365681237	687.863541104272	3.19558812987487	16357.9838955609	5089.19609019436	3.693960736029
2219.6926943856	584.539924237474	2.27201028945792	17677.5426549182	5365.76424199899	7.85773896118787
2291.02081755951	717.922803899467	1.56024853624508	13748.9846222607	5711.88493935785	2.95802166815298
2440.07140417762	531.464203029656	4.25933680566454	9704.91493411938	3172.4287840209	2.75671085001724
2316.42043300279	482.873219444429	5.74540385675313	7503.16290340526	2474.68023769529	3.1099589722712
2294.75028617601	467.246111334031	3.49004234208854	9147.94119739924	2489.4087020757	3.37330362509339
2128.181007198	599.38354607836	2.05431033480901	10759.2527380182	4070.8008033861	2.94849609722315
2442.30511211495	557.368167875545	3.99150484479414	9095.88338732811	3376.26928106923	3.24319605868186
2002.67636535405	538.672449460952	2.25890796846366	9303.14496763906	3481.65971257368	3.43900707011556
1681.36354840381	405.346523976252	3.57324410881601	5978.35999534095	1907.99880963493	3.71813931280984
2386.82683573457	611.337328370552	3.14017097733288	11759.8039576039	4304.44858225033	3.45325665064935
1984.5350733028	520.772315644312	2.11803458819422	8333.55423678701	3312.0719200709	3.01641660844514
2329.87501789617	646.068690037895	1.82796312103369	11310.4223089143	5004.14584098273	2.34941805849763
2194.94488380278	619.950017093884	1.91701689919251	10124.63732614	4217.32793311076	2.50812937943907
3413.81981433032	651.289987262206	6.89411035771039	15235.086250623	5518.75763368941	3.68324638550228
1950.05988828595	490.002623349514	3.32013723921008	6590.25551641732	2645.64682653683	3.53809181711534
1860.62602328797	517.163123603776	2.49340698794882	8156.45131875444	2819.01804151993	3.50830950580168
1822.74113627275	532.567309075287	1.97150102422705	7498.44864552543	3281.47036837995	2.50814705616591
2488.65711660103	668.18208843097	1.99160654394931	13629.1630971555	6166.98787409718	2.94837689185818
6812.14740804974	772.587768614656	11.3431412434066	45175.5281174743	8282.76204748558	10.7350703374656
2162.7637676211	507.333458562837	2.56665421793747	9576.22454853041	2709.06298681644	3.20893204449338
1902.62283685081	512.166617209272	2.20109956710119	7100.01708855696	2810.89256226853	2.69557308961584
2200.37667099247	629.383253362765	1.86185236064526	12285.7720339729	4861.35938438686	3.01927696280984
3144.99933089612	668.039724823021	3.87988642681864	15663.8792809405	4899.1757720599	3.59447504765665
6032.12352753017	1005.57516932553	8.25843579618858	37806.8096815975	11957.6429930782	5.48269497563415
2104.06898687777	565.782036811608	3.60678962366266	7484.89766267035	3775.68262757673	2.2133420123986
2177.21652181815	539.128641145896	2.33352992719294	10231.6800638165	3133.10576531264	3.31735459190344
1989.62863012295	622.637196699648	1.80798641077734	9181.05923207971	4335.22708756089	2.76183627234414
2718.3433642486	762.045619689067	2.49986105012337	17103.8610803059	7746.58984073271	3.53643665182662
4078.41899149526	899.646173593985	4.37039164713365	26595.7097284567	10676.0377309576	3.12795074761952
2454.75394257581	522.099330510626	2.41150272933679	10530.7451801945	3177.03809508835	2.66374262754253
3931.78281499359	656.684400243962	7.7608245444438	15410.7404601183	4544.66069603312	5.05004510622121
1798.02152232221	527.164738888271	1.85274134918879	8041.59338708226	3026.91657558077	3.04530604763037
1849.86449320067	520.284155052703	1.99443002348674	8365.95499103068	3011.45949186666	4.23468712545142
4818.92447606309	552.053056298085	10.6314917493536	20637.419894299	2951.09587344597	10.2740822586612
5957.68982209784	1437.06037260988	4.63697569189079	49581.2973722117	24615.937110014	2.22081652501964
2767.12907769296	745.064851324759	2.47723061416599	14591.9764939385	5936.84753195698	2.65347507670215
3074.54937794891	685.229083902961	3.83525783260049	16992.2313743141	5371.60032524813	4.64631601943002
1978.82283350663	547.642416664465	2.34795973126457	7429.56503668017	3368.32123910345	2.68181734393741
2584.06057636496	775.972603422153	1.85107072415335	17804.3384911765	7695.49251891815	2.67260343670233
1753.37188850102	507.905634012317	1.74091810108172	6503.34590081506	2892.47831130746	2.47116218824446
1988.74318171218	598.062768321318	1.97572950269258	9224.01508792563	4147.71356423963	2.36207072560878
1942.55104843961	501.384239469592	2.17428762820131	7611.9573832476	2761.22523445947	2.61689845213997
2078.47834805541	571.057234108867	2.18780388996349	10396.718694208	3771.13959718977	2.88012547333009
2671.29046530163	630.281307777434	3.57732353828511	11886.2378067979	4938.23375149957	2.96675033792329
2433.13823180415	563.664955878463	3.80553793930076	9591.39105605908	3450.8183825236	2.92647025694084
2356.09111637806	611.568673109507	2.27369643916176	11689.0096525913	3827.78652127071	3.35478950908808
2834.05500025409	820.993323948252	2.18605741514417	16297.1087723051	7185.41547249949	2.18389716997531
3070.59680240604	863.062109743209	2.45678928215556	19934.5460184971	9342.69475299034	2.41673204004942
7804.28195650975	1750.19564611059	4.38548450052501	110098.40560146	43298.0212322443	3.57207899531652
1790.76794789441	486.858699943577	1.9757692246455	6300.82761085988	2481.38840840936	2.79369624438004
2558.10274141047	680.758550598149	3.07228558873522	11783.6659551845	5274.15715962014	2.42879130826091
1704.34519186274	462.212759563177	2.18267375834824	6220.52849579538	2289.68586019438	3.28069770912477
2829.65405578849	684.18637182328	3.33344456128453	15018.9761298072	5661.06076280847	2.86199861247663
5714.85702047524	928.161275440727	8.15816850123855	32005.7342308327	9279.97180599196	5.67094472480617
3016.08839323824	615.374532651012	3.82931347491666	15134.4623834395	4039.40672646306	2.99482566461027
2727.82273103902	538.09276208978	6.10251082898646	10164.4520283358	3436.79504880263	3.52832875066763
2613.23273829205	639.877066014878	3.85345203651145	11348.9595147972	4416.68758509009	2.60184751175266
2754.94550057854	672.526113608392	3.00169901089666	12115.2885935047	4919.90845753881	2.47941125137464
2046.10499690308	620.46772839814	2.2001223983411	10498.3308580594	5074.81662943721	3.0539400710088
2705.47369348314	616.162962551825	2.9377719922516	17109.0877197707	4042.71853919528	5.75999198411162
2214.94386538133	503.408147688479	3.19197345784438	8493.30123967332	2710.08661448488	2.82865236739139
2308.87194691896	602.654917535666	2.4721495411455	11192.8207961231	3894.2633291687	4.17736153708718
2540.04069907203	530.72231649806	5.06775515288264	9318.24984815561	3033.77148050823	2.8191377907729
2835.36037441601	600.166455582351	5.62172930463341	10020.6886867627	3793.55245561902	3.01455252038913
2535.03722949262	469.272161830238	6.24809458792809	7989.90620381825	2283.42651995221	3.72271540331064
3340.67565152428	829.803116123953	2.2293704366331	22625.0360932413	8040.97214780514	2.53689125244693
2972.27435002362	777.786646418066	2.20252717218845	18104.7797938446	6497.93574615132	3.69105426239966
2525.98015421621	636.046292131116	2.06420952540351	12903.0339912496	4089.65411482485	3.03090795293478
2718.31377015881	744.670015020359	1.83570264540398	15916.5771928044	5630.22350220657	2.48023878871782
2114.05176989715	492.289132339074	3.41561569323492	6981.89631623175	2820.53850481172	3.08784756796161
2769.91370173132	554.811088434409	5.61211294717439	10023.0644444401	3624.08930410563	3.24674685465563
5304.77928232454	1303.26706690408	2.91099296238933	49964.5628669936	19970.0537653262	2.73631890110899
2840.47893078	593.948423981051	3.48194521765569	12487.1835019383	3582.13148508951	3.5550728513928
2294.92612791408	531.254540835552	3.10663652970467	7462.03723769479	2860.01550375961	2.34316794518281
2565.93646589447	545.868495368948	3.35627317651772	22627.1230812533	3496.58967514451	8.75976446213484
2098.59700631112	592.757615818082	2.28473140324036	9230.02723590933	3881.30044500979	2.5749510366217
2270.53881220029	560.522046121855	2.06894033542116	11058.3787872824	3527.36406856952	3.10307106647851
3078.14696910872	750.502897111434	4.40281348642855	13894.5675414301	6578.63982315235	2.67085424651522
1793.90155995284	478.703995931842	2.71161082826674	6326.36139622296	2537.70295563819	2.79376117251891
3342.36999321169	1069.26277661661	1.63065970493696	30251.6859137394	13629.9799744516	4.04712055404524
3994.7523034108	904.197437185248	3.5304519238507	43211.6124238519	12724.8247121716	7.14370226859678
2441.53276528717	649.484120002593	2.82065138911913	12616.4121383219	5541.95984440989	3.90373132655033
3532.6792769332	915.567941432824	3.09952699734186	19706.3430178578	9911.88085073209	2.17541745072461
4408.87626270919	793.13066439206	6.84582574588218	28310.8589046146	8118.79672788494	3.92089596750668
2442.41376815347	540.314685683372	4.4371434543786	9197.67469586286	3143.13944792492	2.83392412914776
3031.99948707268	641.413710087145	3.39756165638022	14781.8187915603	5023.42379427273	3.75207188542084
2916.37306819907	948.571285626919	1.63818307942696	24293.1075386336	16832.2424976437	3.17552115268019
14695.2904665281	1039.06826389539	14.2321956434434	220749.498348534	15895.2152691461	15.9579597684297
1849.96505506901	512.086639708438	2.13095362767056	7229.34055011616	2773.01532890859	2.61201533848669
2356.69494306147	565.187743025298	2.5542972969026	10756.9734644116	3683.57580555736	3.47428155885963
4360.89695612761	548.0657245051	10.406776153461	17592.1642183855	3126.18252931023	9.47309889819661
1723.05517985814	464.04328310827	2.7125074259305	7978.10783270593	2584.4672354018	3.81918634321526
2360.83343487718	635.470722507464	3.07194766869433	9960.37039737328	4918.94393034312	2.50330495304222
2595.11891203029	613.592540541267	2.9249841140496	11624.4566439889	3916.49681244	2.7294581333267
2687.79213345576	533.720264402267	6.49892988622568	8878.03772025143	3057.36708802264	3.76777958354196
1955.29039133574	540.362525680723	2.26294670916022	8607.40936619975	3360.05460328674	3.01672281655347
2206.78752291037	571.955358239736	2.8595681582147	9480.54002668402	3670.97055168234	2.78942677300596
2245.6615873971	593.241663513994	2.46207587595502	10092.6448639374	3882.20341185369	2.89081751984889
3530.93936544693	974.744268307613	2.35144471337141	25023.0009737591	11623.4345461017	2.69209226844133
7185.38947950148	1533.84693755536	4.7774868654156	76383.3804124003	29061.8115031779	2.65782707724539
2118.5053736336	562.849945350944	2.10884408789083	7692.79691529303	3163.8939841133	2.16275440486602
2349.63082507921	488.09329550681	5.00071270755744	9818.50071041855	2510.81542926824	6.98876451270904
1707.91029029196	487.648379952283	2.11329242995954	7215.0010171887	3166.0484253421	3.4699964620041
4185.70013273232	828.566986169862	3.47214139381669	26624.5081491151	7172.08587060515	3.82224219925417
3937.76416137311	818.542131719172	6.26195941132041	20456.4046833621	8113.88330480011	3.38451758170657
2045.6527418868	467.731070966486	3.9637126495619	7467.18865154172	2407.22328055712	4.47230945625331
3108.66711776269	754.789441574842	3.60974490240642	19899.0179919091	5926.78694477329	4.40125864237864
2599.51440055474	543.765220953906	4.23568531468894	10037.1801256731	3322.51525314977	2.68215343337033
2144.43411840154	559.307463356777	2.13753082205117	9098.73189504789	3375.98568400618	2.78375603599947
2337.85282646233	763.53084185057	1.58949761578157	13492.1103660219	7362.1004741343	2.3559742967176
2517.06908846332	636.194498564173	3.2935034654474	11172.8098658704	4639.46976633623	3.07199257350682
1845.86682244661	543.8281675049	1.74024234735271	8198.2666373876	3190.84018472987	2.63519832328636
2548.69562055881	685.081152892034	2.13257914490772	16079.0717002205	5938.30109417851	3.39342942764222
1845.3554824092	491.601885974558	3.00768357613897	6966.25053136516	2744.49538866155	3.41503913184764
3601.38024862332	697.981585650222	6.11004069150973	17448.664386988	5704.58203407679	3.39853062375114
3423.00486533297	792.066272365846	4.79758881928163	18632.1290898885	6751.99475149798	2.65422167029634
2682.18512473444	717.856485510211	3.42894852901794	13991.9260437095	5662.61788518309	2.70938676465197
2451.55243838475	586.131297340713	3.04593694053144	11519.6715954729	3541.23429975386	3.50881846184808
1995.50192617804	487.762992218215	2.46097145392533	7503.83750127288	2746.83990726925	2.6980719388571
3237.29866910629	789.165243448585	2.85216907718782	18581.0758124406	6927.01537978955	2.64763732106186
3256.08192513564	826.752477753674	2.21176337983097	19587.6289073812	7173.8514042766	3.114383751063
1645.50911679652	464.323864769625	2.27147494324918	5943.25700494322	2585.02819712991	2.98437250847578
4963.15028870018	559.950066583024	10.1704591998036	22217.3397236262	3413.63839716479	9.26955071446133
2637.43752089631	614.914324926806	4.05025973454545	10920.9990931467	4315.98307524989	2.52325200122449
3850.00623301129	1068.09158497212	2.14704377481371	32763.6998147695	13869.1451593038	2.53445114312625
2390.33515177842	594.413950345104	2.39088054490894	12139.4100640856	3769.87125598119	3.62905704713412
1966.63474281679	436.342444661561	5.01898724742652	6479.92527717057	2188.62241819004	3.69052531744251
3472.69773402823	890.813848630545	2.88839640124883	23209.9256991094	9798.88460739148	2.88656690704539
4328.41180392203	1109.93801672998	3.19073813727282	30756.6558549504	22832.4888390583	2.53810619249375
2347.70047480542	603.012862294568	3.16832424998458	9680.86255281122	4022.75994046214	2.45305949150452
1781.79022145491	498.892837050314	2.27610814428518	6842.60810157473	2729.58335070192	2.67192352405814
1695.09746302224	508.332594224846	1.99580500015819	6754.80172324067	2686.11937241166	2.91025360450445
3955.75924680971	586.03869685739	8.79815700817191	14344.8604532071	4117.63117143895	6.86777547039606
3051.38237536117	722.206545464624	3.55084362887876	17253.049987269	6162.16561422323	3.71643357782495
1603.3485467851	439.926205854027	2.23423237682579	6086.48698466916	2383.01545090067	2.94719407137823
1799.96702524308	470.406113368212	2.95433420974848	6485.30725510783	2487.86740061618	3.1229780133884
2773.94005896842	665.259045349271	3.79559550695789	13181.6663098861	4959.73407256638	3.01419577823853
2288.70590196713	520.938475418402	4.01637455203742	8596.9375912238	2842.72267465483	2.50746138889946
2277.27426489534	548.129761027536	2.78591566225609	11952.708561928	3089.51369574751	3.97070861680645
4104.83242477593	1142.14159634125	2.30913600319833	36465.1375720364	15971.8011658329	2.42088384184932
2107.4802140048	571.140428839731	1.92823864696544	9354.34846626307	3504.19849036654	2.83543569398862
3951.88623171458	850.207625342879	6.56068077174466	25849.9102148465	11256.7475529503	4.03250517285683
1852.36528801854	565.870932111955	1.63423824501024	8159.39277363975	3290.95948552033	2.32320825817524
2546.37992845601	640.450428080961	2.45000390236736	13380.2579826476	4917.51845180648	2.79074894792197
5486.19950868753	640.093035795084	11.1238088052552	27433.5926350622	4329.8623137802	10.9412712033774
1900.81228283746	534.857901949937	2.10992586041613	8491.41171451357	3074.29627582083	3.73327516070932
2291.25696631691	512.334595123409	2.85049417943569	9005.28950186077	2588.98629449147	3.3500165174705
1613.93430150564	455.259106442188	2.37336525211761	5177.91023321185	2250.19561708323	2.31356186323384
3839.84212875245	538.336051693623	8.92351578264148	13607.1283743566	3217.57235076948	7.02839314099501
1976.3308382333	516.931277598548	3.57328741020179	7251.80083078253	2774.90065118509	2.54656842572398
2402.22231154978	695.109036963006	1.9323774638586	13147.5991194029	5228.29554773597	2.49341403866622
2001.44682817258	524.035761870124	2.40842849876744	11692.0115243632	3565.10926666357	5.12017373887404
3015.56472490068	568.150942292335	6.99979381318381	10735.0174493549	3800.83762810547	4.19187748828459
2507.42222567897	535.78912817431	3.77255935042032	9367.44080997694	3669.11919281325	3.1121626698268
1832.88596393759	483.72200077417	3.15456202801459	6251.0635048008	2666.08665305056	2.98309716174756
2224.04184681947	473.501118252949	6.3358160923593	6791.22820846607	2597.79287224187	3.59057959459564
4472.36907571402	1229.03669149964	1.98681540883793	48456.6310185272	19316.3800828464	5.18773272337923
2595.87999550123	574.725363387526	5.82242179785559	10155.7805074554	4339.99971890556	3.2739515184658
4174.22994179572	1243.44935459222	2.0160769739112	43192.0644327901	21733.6506095031	3.30731991719757
2830.83663399891	557.575028134524	5.83374794975657	9357.23694667964	3330.34694970193	3.22055881945751
1943.35130948637	491.809371338256	3.31158165978219	6563.83845083887	2619.97144948502	3.13639831972717
5742.23813838614	690.029774718305	10.838969924944	28462.4119096756	4858.52649417368	10.9563362870546
9316.83510859189	1459.47545096575	7.22224751886297	84369.3147087958	27115.6772636968	4.64098255702089
2938.42621342166	742.338261893657	3.04048370063812	12149.6199079209	5729.77429413484	2.10524125931601
3418.80973290916	728.577199401194	5.0568383753306	16944.1595343744	5801.3329384467	2.66697714664793
3992.61982654024	767.817223946083	3.3584741711422	24388.8980941872	6049.61622359745	3.88675103865384
3109.47795045571	600.736165651284	6.56285536757037	12054.2407802153	3932.19080435808	3.50220826867137
2146.04158706555	626.395883235594	2.06831721892361	11557.8768736979	4637.07063134075	2.58774099467715
3831.06710338756	809.792865226069	3.35493471733865	41614.8118411033	8328.80497341006	8.18502760522228
2351.6420742468	572.329613098122	2.37397297844773	9309.45525186088	3453.14052497914	2.48329322237463
2761.86852050412	489.840650436238	5.63456004303822	8384.81901333461	2612.27042993906	3.39082663650043
4537.0156483645	638.218186618156	8.58527762182952	20452.3623264183	4238.15776862278	6.39232376374469
2548.0503876277	638.707776367254	2.15129091904052	12389.7274008904	4423.73488799045	2.5373866438573
6664.02394442092	994.038392376687	8.54438193871022	47924.7579040477	14404.1754351438	5.81260777136136
1970.07190753102	502.354600842714	2.23115330781995	7375.16172263104	2669.2478207049	2.6041476804651
2149.60262718438	555.569639055317	2.60572064547359	8038.13209857967	3231.0297755887	3.2850713664191
2281.86314874411	561.374589627154	4.32359117555891	8603.24943987171	3400.09284641054	2.79445500868093
3429.28024639954	747.541583643637	5.26885726722421	15500.8734069066	6136.14347533942	2.76800171929169
1944.17712796445	499.545594218918	3.07570956217028	7092.09835756699	3015.35541511675	2.5459973567644
1672.33884326024	446.355080426482	2.93878294383729	6034.87577753529	2268.28421422691	3.47605385691372
4420.91457427155	924.376630934836	3.01821471575176	38429.4285133199	10236.3125599827	3.83118008893156
2751.45495813097	728.599917748685	2.32306941939269	14425.8961110514	6095.91267180397	2.3387224280147
2977.11983678796	767.211308832983	3.86570196900969	14703.8031162114	7660.24904993638	2.1693631496836
4173.99219445027	1086.45029249705	3.15041006823895	32314.7447591519	15593.3219939332	2.78455071499977
2864.0742590495	559.00836090851	3.81991172848162	32110.1491217903	4107.2319505085	9.45090583112197
2910.3247768131	749.132102164164	2.32641874444074	14926.4003338405	5756.34357575642	2.22144109922115
2077.99326226936	513.886184047845	2.49579476770483	8204.29110498773	3168.9834074857	2.89853285151473
3581.14024705882	769.309286407653	5.80577863516773	22051.0156561392	7342.22968336057	4.5653561891552
2056.68260806497	487.806782286688	3.85021216245364	7846.58185864435	2671.45693109008	3.43093526264024
3996.47123850869	910.875763120818	4.05861246167047	37860.8819595529	11493.6129932448	6.13025196869397
4581.4924198946	635.559471859533	9.65317227521009	21644.5824645295	4260.09548851921	7.71386543793496
7575.40929409556	1409.74079504965	5.05118743374152	176327.287570563	29548.433384562	11.5305575310021
2034.0844264165	532.469260243389	2.59246831485477	7880.51928204406	3170.06823391687	2.83282911291956
2597.13658187487	635.134723978256	2.5785815978682	11334.3761506264	4114.44062051966	2.32687230378914
2841.38493098545	755.681084960368	2.67382905039285	17364.115563683	6145.18567661	4.16294676299099
2486.57118218712	624.789317064861	2.19158174725915	9751.84997963718	3766.17763755258	2.30987628316987
2434.76986903099	658.294161096465	2.72693134437122	11127.8859605248	5285.88826297375	2.66757602899562
1558.38811829955	454.637959547541	1.93996428169158	6322.77557254142	2341.52645727906	2.86789755475606
2344.4906166893	518.329116071598	4.65483210813412	8387.6971884784	2915.39134678071	3.43857416756044
2835.45356758224	569.09481133352	6.0157334244707	9815.27586550102	3278.83634835607	3.75657618618487
1832.96993233921	448.087459124163	3.29778309504185	6255.98318208787	2393.74678482512	3.32353688514305
3036.92129276753	724.744209710935	3.24158311379268	15522.4060022042	8052.21773869293	2.95874402678079
2509.13989733388	569.57812790483	3.97313155466007	11921.3644826336	3773.77555231255	3.88338365634223
3147.8728977858	697.420073700305	3.15239956705826	18105.6379082665	5292.91175446822	3.93659727942904
3779.73654752361	812.818889995506	5.21184940084234	19315.167673109	8499.27227827407	2.75457881666098
4870.41618716728	582.821756739717	11.0400357582293	22358.3611510083	3743.20433485484	10.4369954530294
2772.41389881578	695.869617113901	3.62709457705235	16931.8938814398	6097.60260116539	3.713881296119
2224.32613026493	535.742742271807	2.54600321420659	8071.52633939522	2902.27198003619	2.4588514203716
2341.03564185761	598.180439362591	2.19934979581095	9749.27801262319	4251.82139295305	2.36468133225907
3346.67384520254	675.063775154154	4.88597434964956	15124.000865351	5129.00152231279	3.40312486903184
2963.32794030446	659.819968457411	2.68686114293174	16336.9396482889	4438.04300485241	3.17526109246657
1823.46571933198	473.032148246795	2.20106072473851	6760.52821554768	2530.41595162396	2.75653466688304
1711.88251861733	449.919001129241	2.30207738939161	5628.707062592	2213.01276101232	2.83426467048305
3819.56009842183	527.200071641783	9.5680474132628	13797.0037162587	2965.50808179505	7.89977356216116
5947.69785926347	701.368425881888	11.1096892381142	31091.6117083769	5132.25585740905	11.3051057793487
2377.4630425229	687.374254915477	2.55916155885853	12218.1615299307	5843.968825001	2.63005240423055
2668.77648240029	676.439049757372	2.5770348493063	14671.2019322552	5548.99290734237	3.23337803796478
1981.05702220827	561.68764103874	1.9065437135865	9290.34327443164	3436.41343796295	2.94846759948485
9422.9870355623	522.07209317773	15.2996486049568	96196.1426352796	3195.04259034828	17.398463351741
2725.72202174468	537.335322721569	4.6236534731485	11519.8103009739	2992.06945717701	5.75996689772566
2227.22102780352	611.972359849735	2.01635517625612	12204.9906663502	4692.97995772196	2.83881391796721
4852.45420202866	1104.61773585746	3.95429446119919	31493.6262735104	12832.1373451389	2.13777036037669
5331.95762536645	1042.43712864788	3.87103185516026	42363.8800833722	17602.7022071451	3.96600698490458
2583.50122931783	629.598305805471	2.21107803686348	12476.5279707597	4519.77699857648	3.00630577788187
2433.05930058591	637.253684498683	2.25317989823049	13194.9309283862	4671.28868800093	3.08407378732
2113.34364083052	540.713212424179	2.65142082775578	9018.47878589752	4586.42360643027	3.1499339119232
2688.28007870566	672.835081581358	3.25214747041091	15507.7416912906	6867.00620374814	3.53242816085248
2009.10192287697	479.288536567052	3.35300520492892	7598.52989089511	2447.74859949846	3.26798676874849
2623.88513798361	633.973957060658	2.93941675966449	12053.2871346036	4048.03487746988	2.98014169922278
3297.8082060994	670.733072496689	4.13253759071571	15256.5133102606	5208.70726017445	2.744972360433
2561.13557309058	686.525406430458	2.18222557116579	12453.7432387529	5098.68569356823	2.6813885221469
2580.33950903705	601.152558428074	3.09283491805333	11508.8835493811	3980.49013040408	3.03271880701381
2169.86791216581	557.148000887913	2.29654458816805	9817.88627443966	3197.54345758438	3.34822685425278
2193.08397270623	571.080227464509	2.66743872140792	9584.37463278961	3760.58029631561	3.15393446815536
2897.47354660671	791.927545341999	3.20700807647205	16479.4270819873	10734.437998679	2.82689203191249
2769.17598981054	827.60339774968	1.91870352943692	14955.0977880159	8270.68565247048	1.99067391244088
3177.33728082706	709.127240279199	2.65375085453159	20697.8029792608	6054.64476335553	4.02835689313664
3202.10344830448	800.502322000456	2.68139301391108	21362.2719579059	7873.02040340895	3.49702852656093
4196.20019860027	892.618755916417	5.66650962289242	23364.9264332429	9716.06337238609	3.72365919916425
1840.15710611487	463.022905114159	1.9198576017438	7081.92815935162	2238.85772638021	3.04009355234103
2519.25996987035	584.527379118837	4.15891398206387	10133.5057925725	5060.12275072662	2.84142859908699
2916.5083876709	626.084206385876	3.84747755046835	14554.6622180607	4416.1800959973	3.39054408162656
3327.76209662516	899.400346401911	2.37383633705588	22997.4001693088	8843.6296844379	2.53929220555328
3572.39539371464	646.016243115241	7.81602317588129	14434.5461239913	5351.51150852985	4.60639795395633
2154.88788832271	627.601507895198	1.51493197859554	10645.659355405	4314.65469752404	2.42037794866984
4134.13679141008	614.768813103255	8.98272888510635	19881.6978089406	4896.68989577338	6.21290086078063
2379.66193003177	691.71054511394	1.98012607758765	13255.0846898066	5231.21880050298	3.60566195234953
2424.98332528519	675.822274718954	1.86742482313241	14137.2184600788	4871.94864947162	2.87102744415858
14849.8767349802	1491.83466549616	12.3193107052211	208825.74833231	26180.1787984002	12.9213312583249
3269.86943478893	844.813923545955	2.49338122842253	19797.2999443045	8854.30580431444	2.53612277346225
2901.56070052594	645.799445741113	4.075820822348	11975.391972735	4998.88921097114	2.33449425914936
2675.22595468823	557.917624688506	4.67866534007503	14362.8761663642	3967.84410319923	6.79915445988596
2082.27750472523	561.361565865814	2.01542469677071	8461.8878748235	3446.69604672341	2.39673333639397
2424.06258101776	692.458976039329	2.0468628101269	12350.9304577321	5542.69815190318	2.43453175755539
2064.14780327685	558.534991483833	2.36106098263588	9627.30783971198	3599.3809819682	3.84429096531082
3410.41439971244	1000.85664165065	2.01288881571538	28666.6353248863	11630.5728955179	4.33483749132893
