mean_branch_dispersal_velocity	weighted_branch_dispersal_velocity	branch_dispersal_velocity_variation_among_branches	original_diffusion_coefficient	weighted_diffusion_coefficient	diffusion_coefficient_variation_among_branches
744.193270436422	151.249839617493	3.78203822629704	4015.15234817545	1101.15124426922	5.93841484257058
779.720896659709	263.566766100231	2.19037787134854	5176.14142050497	3029.29532989281	2.50742760156741
569.413950998057	146.90014555366	3.02466669379368	2462.43909203996	919.207438256882	4.03817641841226
598.304111344124	178.909566634615	3.08588367048415	3328.11207760918	1425.31571234536	5.88689241764185
630.768511959276	150.10680252066	2.90792476734595	2819.16514689651	922.719674878252	4.68936696313361
663.154747494945	185.802987544691	2.90595251691974	3097.19850170726	1405.53157637811	3.42724466275761
399.221756363797	128.469315423746	2.12619201252072	1270.42210944223	729.566858694343	2.46100317525068
692.929990095577	174.561938228521	3.00260820028215	3251.52234456073	1234.54425414315	3.85219960521741
523.273667078718	145.842134619861	2.76514928517736	1859.69093976555	922.338461114236	3.01553720041166
889.686272143327	233.893774747918	2.76818565390312	6587.0042271505	2351.03242009523	4.61770132443622
655.798431181169	148.097797294433	4.13470203656965	2859.5514985402	994.309943592351	5.1363271675771
402.305522391935	127.66371520224	2.24145825269511	1325.62774217514	718.116001680649	3.0596799396731
417.094276125338	126.720209549991	3.18710976356298	1729.60192949963	729.007066156531	5.48127545891013
442.526458762315	120.89495226123	2.58793271960713	1534.24886203962	694.821661799667	3.74204990269233
803.863645153434	190.818974081239	3.27802308675246	7944.91575180772	1706.1888053068	6.94586181366855
500.172298009218	140.662188235051	2.54808772422382	1920.64848762873	916.044237216469	3.07990280249537
510.928868250175	126.054210743021	2.87673150587894	1675.50773321407	667.559449971372	3.57522437827947
518.623169575894	141.964041012431	2.68421155333954	1902.667740285	867.044717030734	4.61378131056943
463.213622625545	125.405948857709	3.45267859487176	2283.08488252216	659.281139448102	9.74354993746812
533.820832711575	145.432733185264	2.54685823099698	1984.95844088627	952.739431717299	3.68516518163094
498.504718164453	130.848413457907	3.27232545950062	2031.00704226242	769.792785836502	5.89881861739443
1174.5212462568	313.365888312658	2.72015222650307	10010.7905316619	4406.84747822705	3.8109305127955
590.537565102406	161.933577318911	2.74930070739059	2580.24237252783	1043.04171338444	4.5354204897155
605.974642643668	172.862463902419	2.50858556377173	2246.63021716795	1226.05677612003	2.47449781568562
476.350318404574	124.91553995809	2.90733703457546	1502.61342193256	654.343310190178	3.6018868093847
466.574879094005	126.676598237816	3.34652171114405	2022.38585141989	743.828009504188	5.32019529663227
370.002798980841	121.877904927425	2.40093485385232	979.907394254349	633.622462813644	2.35927003728338
1011.77961812127	193.250959452308	4.9480088915087	10870.7509848753	1655.02865909017	12.4066838355622
565.304831027564	149.658253066823	3.34743554751985	2054.60814975757	996.025380293643	3.37524432071748
966.183644193145	224.787415815057	3.0636393768973	7749.61493265143	2163.68622332248	6.31245029147565
658.213492725035	174.097920775247	2.37055337628855	2909.1336630979	1271.85827063026	2.47824963223584
1199.01851580859	224.546939324716	3.46990862417272	8482.70975201227	2126.82066025304	4.93533396741416
577.443316370635	161.135046410287	2.65082087138741	2775.38758664562	1140.48722701445	3.42769600290413
408.79005583549	126.685673872504	2.66743940045251	1346.85544182601	769.167139070332	2.88399828268052
348.270481936959	129.255808380125	2.11768229870101	1243.64351717666	825.311939196207	2.99550088569361
724.090995753664	170.998243786757	3.90252524735925	5319.77196082818	1366.51361306464	8.74993944779829
637.493017751186	185.14598873235	2.35353044355314	3141.15683221949	1448.70659626342	3.62900720582867
527.841014740534	148.987568169085	2.66025939663647	1935.69791959706	913.323453309523	2.8375419821967
430.234708613854	116.118210860144	2.77335430470784	1381.52054844432	639.074572318382	4.07948373884113
1105.66768247763	264.080237337808	2.57093303476916	9259.80502020018	3046.91774323531	3.31318860337753
768.069089656586	173.050291306455	3.93117833746662	4433.31691427532	1257.34194775183	8.33995099072322
449.736931426	108.098318336532	5.86590775860793	2332.86728872988	553.076583705586	12.7674460464254
677.222840831185	144.327331434765	3.22322278953239	3092.05838289657	897.267098700818	5.11045045872622
583.511097942981	145.53646517049	3.02061192215844	2911.52439820388	1021.8597867851	7.11901217306966
887.580665380971	240.170369017808	2.58373262767005	6762.85068803147	2470.16944464637	5.88721543302432
1114.48940363211	234.325685344863	3.67443230483537	8474.78041071729	2255.0841804178	4.95808195877585
778.54146314131	207.920116918324	2.67427208163879	4051.58226351078	1643.19760512388	3.08743111089087
380.0841907516	121.494443724766	2.04826923531065	1112.19695428668	658.133274499538	2.17683625151591
424.74197816982	132.2454586056	2.26600549175793	1500.77279782686	784.683118330341	2.97346263770136
747.815042490161	175.238350817814	3.40598700526042	5058.88173840834	1273.72917410938	6.4174904040797
1631.06693024286	360.724658220841	3.77327630530043	21767.1067424417	5666.36058808305	6.73900221375162
395.693586420673	120.574756010753	2.71580719312336	1280.33298659067	650.071614980195	3.93540577105652
607.187388043213	158.512343181364	3.15863202745141	2326.42973151576	1054.18666571109	3.34153953002808
546.01629048201	166.145719440644	2.12317135518828	2281.38485950808	1388.18400322293	3.22683119713245
941.863636309541	172.957984229593	4.0035305727132	7095.88466320109	1287.42313650757	10.0939779922709
724.788874879601	174.718512582815	4.03482147400685	3494.35231111155	1274.79054176955	6.14978912945887
510.114420404814	159.567541630951	2.48776536325133	3126.86585486478	1942.27067204112	5.738249132634
534.419496184039	145.665176607997	2.56741862234937	1914.76366600846	896.339654792592	2.74364198001031
469.658471036995	137.324465924881	2.22671836632969	1460.85151602538	810.167120553594	2.60940061902721
820.144192011478	175.403475140621	4.88719992056827	6212.72953687425	1319.26079717339	11.3918962457305
620.655604707747	152.429114480482	3.37485559352071	3025.30738170278	1101.38688383854	5.09616961739074
1289.00922079965	271.052297955568	3.62033815463741	14557.4096814016	3507.79382444364	6.55476345746346
690.195018630437	154.29441556522	6.00940003002154	4119.70370063735	1108.82069858137	9.54080152705712
385.867500057827	118.914900457347	2.3759646892115	1117.05057836414	627.56442656845	3.27046466871959
911.491551251252	173.378603108583	7.31667470460661	8336.51279468912	1433.5778682509	11.9797218812698
570.357517997006	143.814322998928	3.45355563807238	2605.89377888854	875.962172343785	5.65308089498188
580.114068016351	151.790798407143	2.79986417177604	2464.11676288068	949.432492327044	5.24039631854753
602.961487859678	164.604865265708	3.72244644454768	2862.00669376385	1264.16147978941	5.29995533298565
789.914497462481	179.254613926305	2.98806490235278	5055.90050099974	1328.52708960558	6.22078126289322
495.113083835315	133.471950044142	2.39894422428593	1671.01762417058	740.099463620832	2.64863762072249
570.447021115308	179.818033473059	3.30479129824975	4365.29010086776	1585.55155484553	9.01264913980964
567.876151511815	142.205277423956	3.04991536608857	3116.76342807654	879.564700320573	6.4785927380112
602.303601000598	183.460577524624	2.91635544221458	2528.03388219051	1553.84815732378	2.8867237213724
499.791380035806	116.894076823152	3.27970313104456	1973.3903909215	574.492677880408	6.99355941370184
573.894432521712	142.318843641782	3.81637718398006	2584.97986220095	882.482972339108	6.62957373520436
957.786614097084	195.005796551656	3.43195028318083	6177.71408456853	1673.41825380481	5.29829632081194
586.52098480792	163.928399719264	2.26991753883265	2406.43562970822	1087.22775215652	2.68364858638456
708.337909354002	162.944456574368	3.72650461403028	3802.25825860453	1205.75647398995	4.416910797525
601.238099753962	155.45685364213	3.00120819668077	2702.97438078231	1090.90068684319	4.78056217310179
529.52839361669	152.049664487758	3.15081156733791	2222.77122641945	958.017909295716	4.69563761250121
506.912867537516	148.703675587074	2.28874366059548	1757.95666567828	947.52497459662	2.50611465995922
591.320049987705	148.455137586635	2.81698833648525	2094.81813982659	971.223770374473	2.62193099436029
587.244729856371	160.837875005962	2.3469267790073	2375.15869354604	1119.60400156664	2.69765349689527
475.20845720643	131.056792715288	2.75620584582733	1714.48111503782	836.070712866352	3.32975898717469
668.882097568305	155.54503528891	3.69527138624789	4715.41765070096	1135.05208128031	7.97976883224964
674.127467717132	165.065020962475	2.71588945430741	2778.1640161245	1209.20252291391	2.99007582586712
612.039713235498	184.998509526864	2.34728191173844	2630.04029351307	1328.4044793372	2.96547588622942
1058.91984763292	260.511237432514	3.49122480836271	7744.4743293508	2916.16563896066	4.69614768785489
535.738419540628	164.501920759178	2.14475298556163	2218.71811201192	1085.92286019832	3.0916920522805
593.388092568528	130.800501891505	3.78585637243177	2182.08880542614	706.849355898666	5.93556850889271
945.907070598521	237.832780225463	2.38116780940086	6195.44311958316	2441.78516995013	3.59645443466521
542.936263629931	137.915298656269	2.89421647578992	2124.26606215629	828.01088945835	4.02436516647019
608.861099405188	167.907493795182	2.25723931678459	2707.85136400354	1239.84025985002	3.76300774424922
815.174328407462	187.97148510326	2.89795549486476	4184.87026634374	1641.15426191196	3.11942921005503
881.470035952652	210.630717760063	3.86842877532605	5112.80178134091	1797.05635168286	5.75204523022994
809.463257306053	176.544163873996	3.84436016448561	5133.61435156796	1696.61303602621	5.19716088333818
514.234387438276	120.139555453278	3.27692576630335	1791.24962024941	601.221736975556	4.32514709823809
689.170336220248	170.693255788969	3.65772478814061	3933.13983314835	1294.70463457896	5.75945917212693
569.64444983509	171.161793970465	2.50527210857969	3017.47023052594	1418.36741862585	3.0797288851575
444.370929104345	123.29973426076	2.68727090233175	1847.4945905649	695.599822793783	4.64026022510757
609.549647167729	166.142390787988	2.70249339085906	2762.19459616147	1260.57817813476	3.56948977331215
414.997421090413	127.219759482874	3.44879125338376	1399.97826003094	708.481013048334	4.87050822280157
1493.51577555816	342.490318061355	3.54626137083532	15113.6310369363	5549.82137404984	4.36347126683646
485.33603897513	128.158145773454	2.44587050054773	1644.63082706603	745.823607271505	3.02706129100456
604.972773301699	158.50130983186	4.33783796146253	2535.05322903487	1072.11036620873	5.79889138632734
538.930486225889	152.21604996007	2.62423631276078	2201.35417615363	942.575703980126	3.32604491855626
587.815875384732	149.496786939025	2.79377684707746	3430.59278099897	1072.43175373128	5.42129447211538
498.40066750427	138.901197339219	3.27157372448055	1835.29088892241	862.661152480775	4.37514417646596
539.054353981059	146.483499027211	2.49544124409249	1991.86516154804	909.979149481534	3.16779575564303
465.28464607473	126.856762481465	2.46078510973417	1748.26001399855	794.036433203692	3.95064477174102
552.403144526379	161.30282643935	3.00619678020772	2188.56860530281	1285.91968402188	2.7354148776141
988.852810404296	214.23209485764	2.5786754425527	5219.78478741045	1742.86727869415	2.84622668953599
780.079633021238	199.583049749503	2.88216608167701	4149.86236203676	1648.79329973009	3.93526646853941
492.252229240234	156.394554207928	2.32943380910224	2045.59136846548	1166.85476133974	3.13757033141505
742.735256258568	202.241970408598	2.38360884486066	4402.28330183682	1923.37847628309	4.40787982305241
499.073695323884	126.708093568749	2.63411327849214	1486.38542348477	731.514375460256	2.83246736057958
1003.17516739938	214.629195770825	3.00604693318973	6938.50629897234	1971.52106160005	5.01533062210952
456.866964178504	139.382208962275	2.3113598945122	1569.96382553763	895.231170829826	2.36539366215137
1191.45372549738	240.568210729059	3.1870473492421	9036.56212059406	2706.44982181348	3.72994651185763
808.713640113435	240.56324918832	2.304005980141	5364.39939032384	2760.54107015677	3.06023097603732
733.924648500403	184.551539584702	3.93401206123961	7046.70000640931	1942.22701719675	10.2348687145417
656.423173883532	179.45864909118	2.52983464903482	2973.23044575922	1446.46971105718	3.71883137751845
717.076522274599	143.337249416518	3.41164685616615	2806.45484675195	849.38324715189	4.20849328433645
436.26399082733	117.798630181424	2.98992016132288	1340.69522206378	601.221080332564	3.77740049894048
678.590868774954	161.847130360622	3.19782406599689	2947.56197231783	1091.84581147672	3.78455478387189
1040.43387976646	235.780408631509	3.27959059769375	7626.5274997252	2504.95877964567	4.30144143919355
630.49855841712	173.827245688952	2.52243521706111	2932.32276270598	1307.23165742799	2.88142286882978
568.968421416045	162.224585884058	2.20473866741658	2893.56483544736	1171.41150463566	4.46782127254454
654.558423070646	127.834793467181	6.04695265586933	4145.63874737674	760.032853247753	10.5906399066437
932.646784171978	197.742795860058	3.77338429776525	7682.63429471576	1854.64826847112	8.85832713892347
526.562967619375	140.259449132601	2.45174968568473	2154.01277450852	917.686800139769	3.99836277013685
576.376646129474	142.996608907054	3.39875034426525	2860.75696901943	959.864272024205	6.14926018827795
773.516234390269	235.663849514653	2.30652823645969	5080.8178027456	2670.8509464475	3.20349201971932
582.641398639218	156.053361910316	4.25395940452052	3686.23932296561	1307.45766358579	7.30289807121065
594.89818721074	158.908204811265	3.46663013348157	2893.79166087408	1040.44990049803	5.26299463929137
612.358980264486	155.23376695584	2.43962200996989	2219.69516515781	991.441763759145	2.67065898491403
657.471562078275	208.600310778102	2.00667134889722	3512.92921766602	1902.20448089177	2.89040893254366
653.061254865522	157.194268987455	3.45132006213018	3200.22912754684	1142.42939758542	5.86936202951246
666.133696545497	165.449297932538	2.59630083854432	2951.71004209012	1160.56295711597	3.94734193889768
1011.87815075188	206.456898869408	3.53506311782661	6782.97758943194	1871.198510468	4.56231183063783
648.19214933705	145.621608424598	4.23318975929959	3122.89738901034	957.548821075465	5.39782048413725
528.842575107174	158.144792590469	2.46010291260316	2707.65338183702	1359.60316271595	4.44267237500749
418.320523187812	147.914959593304	1.94468683789919	1623.38874521144	987.809931262188	2.37043139455014
458.484261873614	137.173893271673	2.71037473948046	1981.46895514405	906.359037549605	4.73011249762984
564.702445988893	152.257912060723	2.48748672399527	2065.90632102742	1019.03066344738	2.70787681390514
704.272608592353	148.180896786237	4.02521282542528	3315.95619351889	972.29048535834	7.80942932835929
595.470586112448	145.497935794673	2.93231124848849	2376.64645798239	883.686213698643	4.88696784398624
1175.64464809221	348.464468488503	2.1006158044712	10293.1787353738	5379.55823895581	2.49703560263765
521.495445519434	118.875317893229	3.36576832627491	1719.79518332002	606.862988926866	4.47026233731692
599.484103675213	164.460142331582	2.31544693928491	2537.39240369728	1201.37609813896	3.10394431372791
758.911491262906	139.591863302746	7.70801903072187	5408.31997442482	795.128010559471	14.4133341869848
622.934401851094	157.085002875954	3.6725495708952	2664.40362836841	1020.838947658	4.57462304128145
675.474053392496	198.294919531005	2.57484820132801	3841.47839693222	1861.79557810957	3.67341599236806
433.881497258022	122.05435923349	2.61015311732861	1333.29734973729	714.352079337655	3.1220933296194
691.237197220885	210.202317162289	2.28472946902023	3561.26971524753	1973.82420008234	2.79758352604131
676.465990282611	203.281665360855	2.70414416844836	4375.91153149742	1927.65345553631	4.442686454565
962.20778455068	240.53555948872	2.74370037106083	7445.16553103797	2464.28582949984	4.82723523733767
757.285475983793	185.912855608666	2.75890193280526	3559.90115005526	1407.6423451548	3.0529701494747
587.424714568542	167.387421753673	2.23404059307062	2315.04581674074	1151.27967857823	2.56365471843488
546.204789656758	134.952312909613	3.77145723865601	2200.43118956716	804.55760133997	4.69403272049108
677.050852235561	180.905696914849	2.36407889981266	3079.5029693992	1390.55182385868	3.20383387799684
690.840918613565	144.797735415548	5.95275633654084	5370.63225548204	957.932993790486	13.0400826653614
465.670554001759	124.637911540066	2.67904388143651	1509.31745701099	713.508517215536	3.958691139846
590.068153260182	174.268237785888	2.48597563741376	2446.91205421811	1255.99126805179	2.68281320760881
550.74005379824	165.622421103329	2.49865755713871	2745.8162879151	1235.54489304986	3.96227577896755
553.690393186323	140.196415919011	3.3018948567876	2777.41201230495	946.204971779622	5.22134652798335
1596.83486765793	338.798094955128	3.03589653509703	26222.4434298194	8589.39434937662	9.11933590604239
473.317271197794	117.363854380806	2.79740174425714	1686.76983819653	645.08161761565	4.24960923113509
700.024673561964	184.607990756886	2.48287918942146	3176.58412614104	1310.80616772029	2.76324877113038
744.251774536696	182.985141344193	2.39844484280626	3501.80230058122	1406.65763793699	2.80835898929859
438.968830548478	132.408242269663	2.53559041135558	1708.70748042491	762.328268393618	3.3010106817815
396.939137417858	119.543813970194	2.5475337689344	1437.73807057208	642.484822187378	5.07952741278334
1135.84699925348	289.158700688497	2.86073583071869	9567.59698969992	3755.31195434475	4.29794079876179
491.087161790864	119.686064249131	4.6274039142188	2183.92656226396	763.361793116485	7.6993066055675
381.440103186121	111.681028308541	2.83163685472322	1072.45835754608	536.516300324778	3.71847614122407
872.166426973281	224.952567906572	2.65254797227865	5602.45033077531	2130.70394488627	4.07808218492648
438.492322815241	120.976196683839	2.88503109566735	1607.09613439136	734.367856418989	5.91463847185159
423.875692206127	110.594108559417	4.21416009539716	2262.59446411571	577.38589434175	11.1218243886393
1995.40385944055	433.971046903837	3.05450983968035	29376.0331831037	8676.74578497864	4.13292378614098
861.349815383717	236.732655221877	2.3463799295369	5512.79571143267	2436.64348524586	3.06109644155755
483.910203469437	121.846930290794	3.67424726239028	1559.75587305291	636.122103478517	5.95446704770462
719.638540098573	171.988801441076	3.46949021434732	3049.71187868795	1136.24682077637	4.38183276492697
510.642653008321	140.462657877679	2.82430454090526	1996.39774155307	836.694780989858	3.8852061198725
697.093518679898	176.765099315476	2.6637846177422	3451.87818249589	1450.45619469196	3.46874360181389
1176.87273849701	240.404198886139	3.02456504797667	9573.60654204516	2323.16612343959	4.97403936227986
668.180991949531	154.871291985127	2.8202901720736	2566.95806673989	994.270849457099	2.88701967720605
944.968007978614	214.41112220574	3.54126351801703	5935.479035849	2050.72793361303	4.87282999533307
490.839515037314	129.482485193838	3.36253024871067	1762.62061362669	745.536640694715	4.68938369154526
489.433589239747	137.22371369451	2.36444094323279	1817.5706820349	873.231679676657	3.28175149078951
868.803557420425	237.013864835211	2.58821866049647	6304.10059356754	2362.81416943831	5.41257671112776
519.270057534096	129.915261543567	2.63844816018155	2024.09706511122	759.717545989661	4.34990993425885
810.467791640601	176.099713663861	4.99068539292004	4502.59448626262	1329.16048704187	7.28766982119884
477.678999709148	149.548974800694	2.55768484234216	1812.3274254639	948.290701848043	3.17090050995462
751.553982979755	172.186853534122	2.9534181604114	3616.28895873138	1209.88954778143	4.99357074583556
1051.64394585676	237.824907565256	3.01595327778468	8566.39510396507	2696.34860208781	4.9682030547765
796.504666900952	183.849100976595	3.16454617103032	3720.876847494	1429.74957355319	3.9452750346882
529.625903230319	136.654151562539	2.65964282589556	2046.53281924436	853.283638910333	3.39380476106769
1027.22283899397	233.730754491763	3.21936801777966	8269.5299836452	2262.46061350259	5.9031039608265
567.724868101907	151.725092469468	2.8271316369923	2476.97576514129	974.607646989328	5.48360758355409
699.952772060572	181.631974963417	3.0663460993782	4171.13804217983	1425.49313540518	4.50536480373444
622.269073811417	191.387900845421	2.18494645175179	3188.06349418139	1634.61858679535	3.02068056686405
536.462272623225	147.182591847601	2.52515212304984	2019.62847915871	998.1254134477	2.82960560693558
894.255678080034	209.857274421135	3.44882890305349	5597.80497132655	2134.9933053876	5.56222102348096
736.719132472235	186.101730475105	2.63430895523449	4465.54270281449	1616.90744492629	6.98314976626953
518.261003600881	140.037651533172	2.74913846376315	2248.73240489364	996.162218195227	4.26286601262297
751.508517787926	149.101005146236	5.05755062945647	5953.01479660218	1014.13273208037	12.7098885618948
430.339744749583	122.759572848938	3.20031114052205	1912.07041777179	820.624450327409	5.13939139973487
559.217811269374	162.932657882572	2.28323029408471	2352.28108168578	1118.45403862582	3.83983816831497
528.094778216227	141.908513785235	3.10795368863401	1948.10084870479	845.453521535803	4.7564790355122
551.177220814809	138.951814603132	2.78904732767167	2211.97590641019	796.581590100005	4.29603559806384
611.656927367845	178.876506714291	2.74875806300731	3270.92975144637	1462.48930684581	3.73748179198343
938.264708827406	222.074372367705	3.36319436664409	7181.64621653636	1912.75106068258	7.4881389340489
559.130621352306	119.650218719735	3.76887172955756	1878.85195715157	628.764914161419	4.62473155695286
768.472766920927	188.162966633736	2.77057736338598	4480.08166106769	1521.74333883769	4.13724099372787
1107.07883020224	330.985484706297	2.49069314282187	10166.9185844077	4839.27427361007	3.30347433487218
1030.10495400899	233.878768346763	3.01592772910098	7806.12650846999	2424.32537918318	5.08764344294114
518.190696972508	138.469703464212	2.40466209193295	2033.42692051103	837.643400775645	3.2047273883579
1376.25722564562	303.384562178244	3.7121001872101	11260.7261571794	4555.66087548126	4.02293091215974
652.803542907629	169.811999575953	2.65021237682769	3348.83560027938	1321.28814153772	3.48016557858993
470.206057052358	102.630473673721	4.68009528676966	2288.51283218475	515.380500289642	9.35612151014566
792.388861882451	206.079244709561	2.8351255107275	4935.94306801795	1916.73317694464	4.01771168004567
440.888072148862	134.985235644166	2.48804501741161	1648.57122196672	821.893992712279	3.3526684585592
517.341578057021	140.594706841829	3.00831180265772	1835.85282427699	863.390152362754	3.06304223953232
785.684394054374	198.60499890946	2.88108471956491	4289.24912107514	1647.86867910254	3.96736900834663
589.811673570103	171.227756107943	2.746801864198	2855.7912346014	1227.39776440169	5.99450007887248
505.852994358459	118.262553942757	3.77206267261388	2497.25698078477	644.551981419344	9.39687350747129
305.745187640212	106.643927387086	1.92164075820061	762.596770929336	534.098821527201	2.00012433374087
415.176370650576	136.005167342278	3.31661412592732	1694.48175164781	864.237153099472	4.09322770541668
552.787929629179	145.509913427583	2.52996855492974	2374.31519063684	938.262541583285	3.57939713025689
422.971313689993	123.660121068505	2.66244218612771	1522.06553509527	691.006871776437	4.51833536313392
523.235875826221	159.999039731299	2.3995855078951	1984.07180476117	1149.19280492383	2.22546572952699
988.154054603382	239.012804764028	3.11442261988082	6522.67959129641	2379.69187344978	3.34715896731175
539.175101912428	153.087107635815	2.47752646645145	2168.9297214926	1007.27990428711	3.4256181413762
1186.34798577912	323.608988263659	2.52012246481932	11317.9095181985	4942.06030196195	3.84601834733404
340.228615071489	104.886084708087	2.68787544625575	1211.38153216727	518.521973372187	4.92569510581743
575.635001664806	148.656998768756	2.72181131471587	2170.54017719601	848.259128719816	3.41850653447947
1211.73901976557	326.0579024106	3.00048267757454	19748.9638456371	6735.04870994486	5.91561167730488
720.282817434846	156.216603478622	2.95304189617995	3316.73927319902	1020.54369150602	5.18851752951178
521.918611959684	149.640660293015	2.60319710500202	1965.19327954363	984.218436789561	2.76627198539381
714.310586489186	186.503806493094	3.15808459888704	3587.84096519859	1424.79892015759	6.16877417106088
523.274155011874	136.950782855721	2.70715518272893	1915.89268836552	953.205138497045	2.80873264314826
437.610919644224	131.362898112575	2.50379325921437	1379.0405506527	729.861077185922	3.05899242240444
893.269302807375	206.37325997716	3.90020079807147	5317.57122671707	1824.95406573447	4.66196433849178
559.779881816611	150.598011153635	4.34183928996166	4513.53106181075	1064.46300721579	13.15687881597
1181.63740547041	278.679932856594	3.20617485484688	14539.7705035341	4145.26263873705	6.00985606928345
581.867175717566	161.110710847301	3.04197938032161	2321.27551811913	1154.56211715228	3.15290806542759
661.361531890728	161.256649750822	3.38541040051533	2980.33556410083	1182.02043000469	4.40955485647452
598.448457405942	135.846676872558	4.52541189634326	2699.04895268624	824.129374015122	7.2518317623087
1294.40670624413	316.163752692853	3.27010028630047	12388.4625448713	4709.0653057877	4.44727964014565
617.694452841266	190.463614802575	2.16111114277053	2743.45274674894	1648.19037674059	2.68682555764079
827.700990866166	181.952048455709	3.08902455571655	4927.53196078027	1506.43591668586	5.28084758549682
824.85716067807	221.812159024403	2.59367549953918	4604.93699072505	2067.36657227075	3.29114052264716
513.719574092845	134.983519278079	2.93034938185418	2089.77392943231	865.154717050328	4.06742364670731
363.525493355401	126.396425381149	2.25393938117411	1347.7314858529	769.968769892162	4.76730833422876
487.429922891773	141.910734838398	2.98054456601785	1779.17213065506	864.258397117031	3.73686713470487
662.414504236949	158.840484530553	3.17227988039484	3525.63541399287	1111.76230214271	4.77295963828943
1140.1843355502	273.849597964881	2.64951842476396	10389.5674400672	3549.42520515044	4.34163037438102
456.745468775825	120.269268391257	3.77412183831906	2078.37589040744	666.684252308037	9.05496692579002
533.69069961509	153.536398932179	3.00673726086863	2711.76414968465	986.379981968067	7.97360490347244
747.346112650905	155.648658544251	5.36790927309988	5102.35587481167	1007.28832704452	10.7408733002154
507.276128107968	118.104634171415	3.42850839595638	1748.18120404976	619.393084915307	4.37223546189004
652.966520447398	162.259078030062	3.24239657759485	2949.25824347324	1196.73807861144	4.34282670885916
794.680240711421	161.281875885324	3.56928915887319	4523.57717884501	1066.07291632734	6.50379995950722
658.644537321664	186.638831899002	2.48608659417367	3554.23789702513	1543.11348664439	3.86034744998
564.981527458162	147.205213923927	2.84645449607139	2387.32871250045	931.331767658061	4.96946470445852
634.961395935985	169.387129714984	3.24645989023009	3327.35079401302	1218.93640262604	7.35508596828394
665.43386575226	131.90825316398	3.99905085100671	2696.2795840702	740.084583598637	4.99293964502085
939.255634751591	220.066791649082	3.7060943587151	8354.38498452303	2105.2964704494	7.77483162146669
811.611535540513	158.018725382837	3.88082414306658	3693.50301270418	1007.23853846797	4.5215347720144
631.82881313012	158.135124232377	2.75331073172549	3008.20111431588	1091.50838300806	5.330380122797
723.724179738277	169.646063373123	2.69515641516337	3181.10843571515	1206.81700120041	2.95472000328296
634.554044028146	169.508279475905	3.02864674028538	3297.11379696293	1303.30844934523	5.36861326901238
635.508201378876	130.325304102907	3.5293831261246	2255.22379273411	787.395856538333	4.12383773367055
1001.11470009401	196.514593426393	4.39413583197541	6239.7629821045	1579.40504637118	5.8141983271922
344.275510500186	113.322931947436	2.56003237943438	1164.82908229468	686.692189775136	3.24237359340165
653.286687088192	177.465392825963	2.67716615895047	3246.1281099502	1342.82850281435	5.35124201401467
1050.96137374242	180.56325968238	3.39770304145595	6484.54897746194	1376.09902686262	5.24592069601147
588.587577607023	145.181777639555	3.71448638638405	3508.68169291923	914.184120754221	10.2873040268821
1424.04054657056	245.016507068575	6.77587291303149	17172.4664052418	2560.15192937385	11.6030989799142
746.123172243385	204.849490973926	3.11950673707489	4065.77257658882	2004.71633707535	3.22086640140339
624.060314387151	146.046911560151	4.17461643654737	2870.78219451906	914.797396331785	6.19024872763598
559.701571832246	131.574376169627	2.48507780346933	1711.51577996771	743.521275344421	3.08324294847954
737.270201236157	168.93744278904	3.0965693903979	2983.27761198899	1144.71707128177	3.42532004424289
470.288674641961	129.376172778918	3.19179088192673	1795.90639207224	855.931815922155	5.10924339519115
940.141070430859	221.480187338089	3.36548574384042	7027.27077885089	1987.86659233363	6.84842170113485
1059.65650782507	273.694253330249	3.20898157265676	8674.37060656071	3618.36018059474	5.27533528470152
605.45756785543	151.057819420998	3.1109727274162	2203.5826380259	987.891401137241	3.22067316294472
564.831030229041	167.550657861924	2.41819949621556	2499.62524951505	1204.81712111947	3.48855264826323
666.605013412414	158.304235853192	3.13326232353174	3926.96591404168	1118.9326380045	6.55884313256328
430.893524888246	112.874827520848	3.31240755418839	1255.28735233269	583.936736802439	4.2854270195458
497.00621962672	128.764177189156	2.79560526154288	1938.10135480976	679.547767638268	4.98904845858452
488.282698408515	119.117264408031	3.32432271488013	1918.31784966136	667.34863941125	5.9749457295523
435.584558510586	117.849308167917	2.60455155420177	1451.21516818847	637.812971090744	3.44294838991967
512.654590547986	126.639957785022	3.64209015954302	1889.79733287432	659.976985741196	5.25631704090544
631.52301856678	170.025137053955	2.68359989839259	2526.45777295418	1270.30930905685	2.7408458112978
488.027287704688	137.793827718399	2.50022244144443	2190.48073654648	861.401906262798	3.7035008252751
552.584025061062	156.760683902094	2.96209369084558	2524.10795641291	1212.2412637608	4.14767107251733
548.181410207998	150.719190315695	3.16430790280765	2240.66836102949	1002.54743654484	4.80052908873608
683.958455932111	183.433101048932	2.48578289317382	3161.94399416802	1427.83777767822	2.70824951310919
467.175321751137	115.308472479419	3.03182939586328	1518.77165851222	599.396053532267	3.70596235012241
774.977377198955	179.644309203948	3.02838519158269	3389.58137827551	1303.0733179521	3.20365602798883
451.987627137071	112.40903186413	3.97440732715664	2085.69183931095	551.8034917265	10.2283682804651
543.546465014612	137.437356321495	2.47562035396238	1748.64952371016	797.021420336328	2.62017862839353
1247.35943094452	204.261404042876	6.75378477017987	13990.2343528445	1649.74960797875	14.1227231097596
545.652620456053	135.867993516295	2.76165092015217	1772.49082560366	834.992427100642	2.98434901931364
619.682332987285	183.615763054593	2.37451065394044	3624.51673016129	1747.19403887331	4.71081780776351
415.878488250023	106.939780368908	2.46231511330559	1164.49171600983	513.318016433116	2.70613180878347
572.282095049743	142.019574905342	3.05561122401947	2423.69287967197	892.898817869766	5.54684548850389
738.579909292642	167.485384527593	3.23231464395676	3310.50485655971	1212.34701599209	3.84172626104801
560.469380988816	148.122566719123	2.55458615582068	2160.10142055677	943.988441430937	4.29565816109575
678.361000933796	130.058602749772	3.67980950689974	3135.97452340168	721.059972581911	7.12044641989073
856.714907741516	211.34862761333	4.56429448921909	5074.2952281366	1891.6370416782	6.64936422177404
541.199896935384	165.312276237016	2.45191250329307	2439.7274439312	1301.8470116297	3.02032181050084
1045.84604000643	211.442614426701	3.6488506841614	10513.9938572458	2163.66591277285	8.36194174688168
694.991522285548	173.317376424823	3.42613456329766	5152.69101604695	2041.00744263413	5.20464428405613
901.570970627503	188.142713119117	3.12075152873879	6040.85883627325	1599.3940433263	5.34944527513645
439.2395003419	136.620118280971	2.50713898463521	1611.36124023324	849.691676570788	3.61430689494759
507.048361900092	142.058990277704	2.78389463902833	2157.0206199712	804.556725361882	5.35259028353161
691.817820238504	154.221127409484	3.13019651018461	2965.00849879298	1053.67097733496	3.70683628341659
605.666452167552	161.478190861753	2.86398954730964	2962.01714763977	1186.32517768786	4.29748338443056
625.089964216744	150.942050932192	3.12787567690374	2349.74957753321	958.092791211719	3.50636018616668
458.017127693687	146.748627087328	2.26667680087902	2463.11866693565	985.468619972794	5.37736827616851
390.402995682451	127.566331112795	2.12889554861288	1411.64627499252	777.060474043859	3.23729584900104
798.036186417663	202.909213218403	3.44291520473425	4517.1113440702	1726.56845466621	4.86855574370025
534.066985097585	160.237137120216	2.95976004820077	2409.88451129502	1152.22800732232	4.60843394303687
536.158661755541	138.745436765356	3.07793818979735	2116.42515888277	878.402068841056	3.70078662965443
411.557279175795	119.432508322598	2.17719600424611	1350.24473264675	631.972256925414	2.86088515884076
676.719810990792	186.841705340647	2.93985666393698	3933.80259157534	1452.05623419865	6.51733739627416
1035.34589527072	264.207074844279	2.54092710192869	8058.96669497266	2834.64034317737	3.38079050135584
644.081647745041	132.932866748437	4.08003181351654	3222.73539382737	751.680513161936	8.0405588209335
525.181600899104	133.289521270138	2.63496561068393	1613.12537361846	731.247600385519	2.80298092970131
373.921619750796	112.940536833763	3.54007088389937	1024.95254332519	540.00963327911	3.76939338131815
369.287807120134	111.283866600798	2.21673552625598	1085.81524297125	610.842200485005	3.04148223271289
629.47880393085	152.300929561589	2.69577794520598	3330.75693953809	1121.04586767267	5.05722763349477
720.908289517726	166.998680979054	4.24599090074409	3356.61471022853	1175.3683616074	5.73787383616195
544.286063376077	117.697752927402	3.77701886584971	2092.3761394853	616.11077339584	5.26878688667616
417.293302236181	126.044351761289	2.02674153231599	1273.38048753674	690.133428313343	2.20373517982796
550.735913151841	131.270031086438	3.50698175861721	2990.72560942429	795.039096037901	8.8961702542483
656.509152988621	182.370520103735	3.04929353973028	3322.45808171389	1592.84357996436	4.17585988577014
669.207693324377	143.977470617495	3.31534315681319	2871.7798345397	879.727687632716	4.41635220117912
884.414469395743	220.3894513379	2.64023460706051	5823.21981903125	2007.07962875914	4.80244287350122
656.285286796524	182.234188610007	2.63630493136045	3164.80033807868	1490.68193482726	3.34132867444113
846.34487527618	194.969587390041	4.39365151469615	5512.6131505529	2060.42929541411	6.70600142881463
606.290768319808	157.410693078946	2.73958464432591	2571.45056315019	1104.7718092423	3.37432682860765
388.283032414243	120.880406577721	2.76017026825742	1546.34671019045	730.244392034292	4.54600083490901
596.954811028524	152.980525939907	3.71288096069677	2737.60140122573	1002.54871379126	5.68699556380155
566.394046444974	171.777023260153	2.59289628428708	2477.43183968335	1197.880115348	4.76966232671285
495.456128350228	124.83000725706	2.69234522149956	1740.25524557079	719.403492136469	3.59151922928328
909.344833335563	179.240270268096	4.22532824571029	7014.38310396707	1416.48429858735	9.69285614819987
553.240501575942	143.031348504876	3.82525154397653	2277.45240063894	890.241283647665	5.94707253202918
1050.76283099669	269.340405180577	3.4210437372274	10509.5404806797	3639.45432399206	5.63022171508688
609.940239125367	146.099553524524	3.71601411795366	3556.8127610391	975.919332308129	7.45650276526082
648.408723378312	156.774294854828	4.0908321416196	5042.97886737524	1119.98972898484	9.71740769045931
646.438613914837	153.589945912032	3.54232245385741	3173.77799753356	1038.54252906755	6.1525217000781
442.615413009716	125.554414611621	2.46336789699914	1334.48071407981	675.796189079694	2.54427006091647
923.500662490595	253.477196967449	2.86411335780592	6594.5898081865	3211.24649011119	3.54908072711024
684.40471419639	208.522123404229	2.39684355868349	5066.83764563843	2144.92955636087	6.61101501694288
652.744932080091	169.744025158212	2.39221906445908	3073.43621268667	1196.58888674922	3.4586444915832
517.229922157525	127.078921719773	4.77329266956076	1880.77203969951	726.33676482809	7.20422134602334
857.872356806361	190.710758074902	3.45897978655365	5083.11927701009	1635.52186074962	4.38878880117317
409.676183051652	123.052045858953	2.77026074207306	1565.75141079905	741.445232357074	4.50458041436625
724.345441817959	157.284523160473	3.59005170450079	2966.12941120637	1025.01122138539	4.27793997335949
739.802995078261	156.559655652309	4.55397792648489	7616.99866892007	1121.1975050409	14.1345532834418
552.425168987016	145.292242138906	3.05413267126023	2213.75620259634	1074.79821545476	3.92107340528364
470.609367375194	116.720454342695	4.13671512237277	2073.86441528571	624.237291347287	9.21024007251569
824.770840607659	190.845426367596	3.51084076362248	4169.42160643912	1414.87061567972	4.82018169461181
370.684274296058	126.340180306407	2.01167422673633	1053.71092167266	679.35288422869	1.87265950550194
659.90857131236	165.312107894178	3.25342572601519	3117.11790069435	1252.67672963631	3.81395549993371
616.995822630331	182.409463935242	3.15284105089014	3572.8953197977	1478.74165113845	5.8272331221442
676.838305467676	151.748021156666	3.4270503574007	2684.1101834809	969.054604463476	3.79296737615441
895.690379553172	233.37344475631	2.78088821704295	6165.54340727389	2544.20436048868	4.25454497467882
638.667216199272	151.710344063502	3.12834099123858	3201.5005385763	968.811591654286	4.56266241459104
527.477582995281	135.863438782104	2.57150713145464	1872.73018075242	813.40802316058	3.41701276027296
724.988346632696	174.101590470823	3.50243618725557	3602.66263807246	1314.64651025936	3.79730737609427
828.759485435909	180.962823461411	3.49010008897171	4298.27308859597	1412.35031608144	4.59347824040677
654.367323252077	172.118326888156	2.8996694490286	2650.6332754239	1247.18788448473	3.04732155308031
403.561764775463	128.437347068178	2.54230330050345	1186.69253808434	745.255640725188	2.31194171105954
804.842061665848	196.44615737847	4.17291973032985	7227.12541379327	1940.47129802811	7.55651719708347
599.434626920577	169.496791224479	2.6774696638447	3228.50717093837	1245.78775604992	4.89865892952458
700.842174046775	151.067836700841	3.56868961946546	4593.7473950592	1113.86694936099	7.25365244236686
739.615607231101	181.459042946997	3.46191787978309	4545.45104745395	1523.84760234867	5.14960943551305
757.913150673521	223.350322025611	2.33130716649614	4754.71173167756	2090.86479210973	4.08954717424764
629.469626757728	155.17934989832	2.99757906026093	2617.61899696092	1013.53805105462	3.61489758157974
510.043252442064	140.371543917906	3.37408080576346	1939.27250521022	920.869587812261	3.76949438638871
428.713882348235	117.208845595351	3.45079969381316	1194.05128561917	618.98912054463	3.65867607735225
597.629384162656	175.099166570133	2.66942987498787	3599.02954952394	1432.9358394745	4.91121719501858
455.736477539661	120.574385981645	2.92394895399725	1507.86999160505	765.708427860782	3.39035403114188
455.734221306673	131.19446535647	3.76136540587098	1639.48936781544	848.308319227977	4.32341856642946
857.284827783383	220.394165094741	2.88383001591021	5656.40210195308	2042.40168593122	5.36881603752679
647.133062418188	166.440067794138	3.46281329151803	2708.78454495314	1182.01096068895	3.96125601274638
443.321104659208	133.337072177826	2.19867511789832	1517.55744351679	729.325398633321	2.83733630824745
550.602232325399	122.216716664394	3.04337088871999	2267.40557596916	645.849997331226	5.86850631101288
1031.7575914335	244.078303080327	2.57702791550165	9320.84614107788	2914.46826695907	4.55381433104065
705.062895962634	174.661870528881	2.83910362200722	3793.68624007666	1304.87456168778	4.25391845452107
405.418124248991	109.043264122987	2.95664075332636	1571.36567656623	603.268010845169	5.39693826357245
722.432561991976	147.331648804074	4.43935033646307	4699.6827700584	952.953052451348	10.3068898860701
646.383192234902	159.464786936699	3.09838980640516	2616.71482889491	1093.39592250687	3.53431508197986
624.346599451089	134.318142843659	3.27244481232204	2500.16305498322	756.561489710719	4.36722610983802
524.062661970023	130.881823359686	2.71302636176909	1947.43265306926	697.667873644837	4.02783031626925
444.29403382894	137.426674057547	2.55831629549252	1548.52824982764	798.722367108034	3.84355520233889
707.770263091652	171.135153147683	3.09124934880416	3465.38978244633	1274.89982778106	3.72754173331182
1099.20599282109	294.926638307942	2.71398407386538	9464.68212000924	3907.71830221073	4.44404387907477
683.568711704899	172.682599607483	3.23245818733981	4169.62403694389	1296.8419646247	7.32571657918872
564.330192318433	153.472242150053	3.51164642715969	2617.95226788283	1214.77601732655	5.1416157276381
552.628823499855	142.616597938913	3.09871711331384	2104.78562764087	903.261073955431	4.03298711280145
496.921635015512	130.666152054832	2.78515696030044	1971.16912052242	744.565071718955	5.39701407951901
1241.37819670112	179.521329922979	7.07658068161451	13535.7838647801	1358.06037406897	12.0174464111991
789.506107484102	191.799054626383	3.26184084211242	4637.48004386344	1630.56763014908	4.9787376053692
351.733840420043	122.646131112878	1.83143321145216	1074.12546180439	714.598633413667	2.16897576443869
464.514293221307	124.431162915838	3.32166022021389	1538.74303079256	661.319774789635	5.15934902871073
1025.95276647693	245.391894595733	2.90932955328848	7665.19314083477	2607.82497744793	5.33054452814467
587.993056667937	152.881665642256	2.62601538558281	2304.5321694388	999.074021196743	3.02588265011162
893.857896927896	250.821398706796	2.59892253064906	6099.82499605123	2607.1132679876	3.09743664210356
543.911748480057	142.514448725766	2.41436708730137	1970.69200760033	886.918863835328	2.84478470178453
578.858906445684	145.674329276	2.7648918056383	2154.70757727455	931.324325481791	3.11553342811886
756.569460360777	156.276892957661	4.49984113028096	4973.7533252624	1102.32165019435	8.51674165797984
852.899295943663	193.662542534042	2.95226287582952	5029.04438050439	1724.84960022802	4.19623355689229
839.878747799346	195.546476633866	2.44935609057002	4457.93625186065	1641.62384787611	3.19369064647425
567.961555476379	142.169322848781	3.28956818066453	3444.89814053237	918.595283624312	9.14652354577523
504.546756609515	132.91877767055	2.87943596020602	2025.48458873171	781.093127917785	4.4036063112214
541.123255575012	135.140160976837	3.24548820808674	1864.38016702139	767.850156394045	3.91817939938056
502.962840739396	127.747568929468	2.63627322974927	1641.16143336249	812.869438421633	3.33684195823478
801.579774841676	193.862411865019	2.97647818590954	5923.3802427528	1822.49241343334	5.17319187760804
629.898439864204	163.179345809648	4.74708907893598	4021.52676670649	1198.68291652694	9.4460226071083
781.786714997025	187.873805168468	3.14213655797657	4740.31566694158	1592.22842124096	4.81903045271938
583.843961055291	163.426246782922	2.41028299004002	2508.94831696273	1119.9649588775	4.44808463436304
472.327472181625	132.762469215304	2.94888813191798	2489.58899848879	847.838469885333	6.35205085265057
406.148772843352	105.345399378214	3.83196536239135	1688.61440037396	527.572998409522	10.6983456287795
666.942991564146	151.770549733211	3.88753987636753	3968.61161357119	1069.62293913573	6.21907711281057
528.759087876599	173.703969866562	1.96889133565978	2295.41574043418	1362.05394655691	2.90000417130237
793.613109287454	189.821249765089	2.62748538898902	4590.98140339341	1679.18674736981	3.19258269489238
564.668118156172	135.497559752199	3.80072998659058	2083.35407801989	799.884548245985	4.03998614781247
687.534519187789	182.83700923491	2.97335205052072	3537.31247414086	1562.11890616574	3.61674808606197
843.942002485567	147.977371335758	4.55250155622713	5622.41518556452	957.826277958315	8.43764115787816
679.03657613851	157.25135650903	2.65280313938088	2800.55307530198	1054.2750290829	3.40123506763656
476.994928520319	139.140075920902	2.56556845340501	2005.78162724639	881.211032617043	4.47653162087888
659.452689266195	171.042216745222	2.70724482988282	2785.89505756001	1207.99680193507	3.09540919719214
757.084918852081	191.361933747831	2.6774877971031	3760.34908190554	1634.32699602262	3.94157226203956
693.7381757586	157.630902850723	3.48390796499555	3567.49266718622	1117.8460402363	5.39944190475779
523.203967801311	140.470765654664	3.16534949639529	2029.47071814324	907.21454683591	4.0181212164092
455.256303464659	132.371272717685	2.50805325985695	1609.79839302861	751.243850927562	3.31910953784733
543.217033678713	139.350829579794	2.90340845629487	2144.62683478906	858.75067147827	4.22398293891371
780.239933587573	179.059990084242	3.93543484562705	4597.88296498803	1327.79580569579	7.59098248081114
1121.72230497547	273.849142894292	3.27996826142794	10557.5407172867	3360.17325430437	5.47579417839327
449.247806400969	137.607311994333	2.7242427755913	1788.57726613484	860.821378486083	3.55552394435453
671.419589229581	157.614136721084	2.91932060221893	3150.64732509751	1195.86414373734	3.5547100168782
620.334450370243	156.192591269268	2.79626299087964	2606.01373012925	1029.47946340147	3.36033615174077
768.674253879013	168.198860479223	4.36788896525799	5567.11110738236	1305.10633888115	7.94611674395286
950.356116567413	252.888585615073	2.43520105960802	6139.34697115236	2978.88929948618	2.61170432577895
656.459102066943	166.478551758121	2.85413132929624	2620.08434453406	1232.34724141285	3.27710102134547
683.535023084701	213.873098879124	2.21055721417997	3687.50607785464	2074.31288500012	3.02164081032877
853.732836712507	220.685397898458	2.62202827727392	5417.18195287665	2086.51572350858	3.67826776825561
883.121948835171	191.141614141258	4.64664535321389	7067.61744134084	1597.67204419295	7.11686233209362
430.676454956318	132.837489781897	2.57505624130947	1665.98696609229	835.6967572105	3.96711140527679
934.551568913294	215.927096135596	3.16763713143707	9728.73866119622	2476.78935651949	9.78583796276008
791.555343012889	212.230257791976	2.44520491921018	4418.56844626186	1748.63796101984	3.80733946448356
613.622181035478	158.446596796779	2.44372635896105	2316.90417554819	1044.77079514642	2.73122829945954
615.523349678631	161.16576077647	4.54339886182272	2477.49633857256	1064.42119142646	6.56238564591803
1015.99172247909	278.196169853952	2.6664168380086	7797.02576307384	3338.68959957993	3.15365741751513
330.015992375478	114.08830136782	2.4616195464773	965.589536628823	637.965482918996	2.81707901529122
549.331642525755	135.997071108126	2.87491702764027	1908.61395010728	812.249372727809	3.62205905366464
1357.34937087454	355.112329542736	2.5510531048001	15141.4499236607	5592.02359126671	4.47902294493849
1280.62627737371	230.729234893173	4.94264195520131	12675.6869606154	2190.89609262773	10.3730831440234
574.718910813218	133.599717755845	3.77256552253512	2307.59676768119	831.323208807279	4.30260743132374
518.32427658533	143.885248729789	2.56640826704738	2062.00445272692	894.475700917952	3.98513781276243
578.923634793758	156.869288952666	2.61807550326874	2403.15374503201	1134.17816881255	2.91838019242343
616.826500738453	166.904162940878	2.23007295626351	2650.57348786162	1178.77112380092	2.77762518657893
711.453607408006	190.74968361202	3.53974001736677	5864.36464848099	1705.4842394355	7.15536853670152
441.048156526479	132.775711877486	3.79851618909334	2812.67556060321	903.227106645821	9.65949428442909
810.979592770553	212.400936826826	2.30172825038346	4226.66864159506	1963.03998305977	3.47448644041912
1392.45081000129	283.38438633808	3.61076541235493	11624.9041921935	3915.05918368991	4.0422508752112
724.328757612545	175.004847291867	3.52810384984046	3630.14161322398	1301.7522258391	5.47283718008778
1394.31277601966	312.679221682398	3.04273671030218	10514.499574815	4223.70651994443	2.88513017481626
512.961441597075	106.565523746498	3.77073556692263	1521.62439729681	502.144122111113	4.82176023979815
611.249152175206	161.308848833812	2.51547958740111	2694.4452623651	1113.61399730721	3.02603149332188
606.897232539353	169.771995864773	2.35973160367724	2626.96059261528	1290.31014502327	3.22469280513687
548.85708186991	164.691896138068	2.63518717257023	2973.91844572205	1716.17040098437	4.7998830211703
611.634309132968	171.056314901424	2.68892483063633	2516.79290579544	1360.62976717304	2.73219847798235
616.279751444383	154.288850937774	3.63037083619167	2459.35046709279	1013.59874976769	5.77730157020326
940.652837170976	236.199846155024	2.7185847827328	7091.71102059876	2557.98623959292	4.56722757168955
1210.63973822604	227.790718120867	6.61054036775531	12065.2913348098	2383.33295097543	11.7595853387424
746.654806573258	207.915570716656	2.91681620591259	5062.58594751234	1931.97513326955	4.75063313776241
681.912495730047	158.447704305058	3.19456222681543	3174.47630654628	1090.4702562697	4.31782319274578
516.819616017748	136.766918860314	2.54871208568245	1526.90784867832	760.321286515338	2.19442057081653
715.366768655143	190.553311374949	2.79963304572977	3826.66744852688	1547.19132865254	4.45224106812944
985.188637045159	216.842598751335	3.10753574407819	6416.72393230817	2087.69908771613	4.99619567605417
660.546212347607	158.209928193191	3.42112239016164	3688.01588207229	1071.41221975064	7.96570200590693
932.801358916908	213.588052577244	3.33363011534514	7081.08671581373	1954.03862939104	5.92069956106318
639.704272761284	156.680309826027	3.81893711012791	3335.04963418717	1008.53227894786	6.73837200755884
502.577189916771	132.115193761118	3.1324479147238	2269.29728155889	779.076639197249	7.68718505530998
812.849354500033	192.616367959594	3.54662863699814	6128.61690735247	1746.90197921521	8.22214309376355
373.565972182524	118.712349980913	2.12855975154946	1131.12370722671	611.024531202417	2.6330188875837
726.799836621333	188.051727036352	2.82139021732001	4836.37915348436	1867.34949622345	5.57275637747811
524.020934015974	138.978962061252	2.67299272833947	1891.37970204313	875.746186919414	2.98117568799239
991.790090024492	243.309816254427	2.59922384645519	6666.4889633894	2584.14389416191	3.18836279627456
604.352229568798	160.347717697387	2.60948416388915	2742.54539559762	1160.5006498054	4.00517773653837
601.850530096456	154.792078423331	3.45878163377811	2917.97983780616	1059.42185169783	5.07577597692974
506.565362156368	126.769453494444	2.43277931403393	1536.91509806226	692.617131156182	2.62503890922329
516.204598634823	132.887231676628	2.85670302322727	1768.09509729788	757.358563300354	3.40084245561711
728.98455179484	186.075328910218	2.90145275493871	3646.06546706395	1456.61705998034	3.99799406518879
844.337589448062	221.752723604503	3.09953283050448	4935.62502979068	2009.88832168387	4.17151783902614
346.945399271095	112.394084901673	2.45862870129608	1110.30396120484	628.421374271399	3.27787429709826
769.308562802035	181.318369988248	3.91663135879196	4755.08187556921	1468.43485069563	6.15853490780458
759.46774681412	164.914186192725	3.47451245645641	4747.64257571571	1104.93221660488	8.77114326667155
442.940838622148	123.620373482877	2.83200895206533	1642.93329354972	663.857402856958	3.95816824441499
482.56037412544	138.392113528119	3.53712255030336	2076.50578151034	883.644318645543	6.57654140241794
653.305484161498	156.266345198012	2.82347076424041	2497.19004784603	980.919448765144	3.37239500186198
500.456130184683	136.356928975096	2.99227502700762	1722.25907747117	818.853091364029	3.30794943578129
851.78842862563	208.554427770757	2.95937646497785	4747.17842708648	1829.50016526287	3.32192772752819
425.1471918229	137.668577863211	2.09841428308434	1451.82019296992	823.445420236445	2.51470273436898
612.146015543453	133.417625511608	6.12450313775791	3767.18682149869	826.886822361743	12.0020005803462
555.34721514481	164.440584394187	2.1569703590258	2175.06314053234	1213.85359762211	2.54413396184539
740.353316683422	190.930186090957	2.74277866134946	3323.82842196276	1605.80925798264	2.97784854503085
376.269621809266	123.668792685417	2.2252211702095	1116.41521322895	746.78086449416	2.73377799586506
487.132558993646	153.419501182511	2.37649007828731	1945.30411417367	1042.35110433798	2.86716672824666
599.811826812193	161.052447826687	2.49708543770314	2061.40122645226	1061.15427779375	2.38960742563536
740.132867894202	193.608196836272	3.0301981879841	4066.10730986703	2218.04379245268	3.89995129936669
546.008456482666	137.126162288605	2.82164871128422	2171.27122870991	772.440188348721	5.47800680788284
798.003369586597	199.298247361895	2.6237797928853	4655.95311795673	1786.30563906133	3.36262509414358
1192.9620394924	230.397456936123	4.27355223164664	10958.5433023173	2400.03253270727	6.99193426902682
455.129686579827	126.465216923805	4.02209893217966	2305.71079893019	936.928802685723	5.7144783735738
652.983593123113	147.489752647955	3.04009588787659	2926.52314840744	869.379637744583	5.04582143886538
631.224595887474	190.528402420205	2.03819710777974	2818.73388758838	1549.13539526825	2.28064934987284
447.14220476587	140.985211833562	2.02831665939402	1386.37963338199	836.341374845149	2.04901083169234
848.172731927335	208.57613079006	2.71385927380859	4429.17374957702	1942.54895669617	2.79510886513869
483.71656372012	130.506995077271	2.67749095597272	1692.96927077862	763.195197278108	3.34516183088972
835.208641329712	187.315493492625	2.99103383993774	4287.743909042	1451.31904347348	3.48812715879512
827.821340803831	185.643867044028	3.09988770136209	5048.41048752325	1382.63157924401	4.67631739627526
1026.06185380151	200.16779279149	3.00822832019253	5670.33505059476	1929.82315344229	3.34666369008641
502.412940553311	150.795324150057	2.39136992075086	2008.35506059214	990.780465760322	3.98633623141387
660.748939571395	184.185664398565	2.41150494320288	2958.53794538313	1464.08349661303	2.79561795888997
876.683228817401	154.638017061364	4.33281076504653	5722.28931165462	1043.14454367259	7.17874398249322
724.652924019104	162.704265926655	2.90826737378315	3056.4971611295	1080.56863497737	3.92167806097025
495.510093903204	139.364272124	2.51550014440046	1631.59809418794	805.95035018609	2.66124832674802
977.355485433714	225.290555194822	3.37246659291224	6843.34920621366	2030.21622014629	5.50082460747371
738.52225983775	158.741811748529	3.02884440534892	3352.11955641263	1086.52147788445	4.35849645014118
687.393632719876	168.017161921507	3.21794860980562	3759.05740699555	1356.43249855595	5.8543647316329
533.612384818349	133.191888953774	4.8018399171581	2627.57725947976	792.83902209875	9.07582628185493
443.423159464248	130.264560205989	2.82788763871782	1415.28758301194	713.146219985817	2.88537302942248
1311.82511530969	258.672079300464	4.12286018155301	11955.4605803614	3458.03961504587	6.19777882282695
453.537048256436	125.713311940292	2.73349177010929	1390.64515416893	764.290872046451	2.86257436696689
545.258075543789	145.318756202624	2.64661746529122	1986.96607716363	925.279724981558	2.85564625037065
613.215105117995	171.705060352239	2.53227514542609	3197.01996729736	1289.1612126674	3.84469627110744
551.248053556907	145.112416522942	2.61505694430375	2102.65258488571	846.18663299278	4.52510401102556
566.446861124111	130.209338810582	2.95228369409207	2424.33720763579	697.154446223623	4.75879747586599
792.01864529566	167.91554107798	2.96854599510525	4100.59126970805	1114.9758499616	4.74864734454179
958.472148112788	212.43868913138	3.38235922639395	6711.26501211331	2114.61173700713	4.99333692532546
700.404383399689	188.623863333118	2.94837620687181	3478.22091678112	1391.21273371089	4.55106811910192
708.825237961843	167.42366569421	3.20588315151412	3457.25429269661	1143.42503453946	4.34330902885783
746.83483824401	187.383814076847	3.04095843638886	4688.49130504545	1534.60395491416	6.19220053245195
536.033509370339	141.124271750445	2.85630772675763	2389.14573897691	1017.18544928581	5.39942517096259
867.222410031926	200.494072498274	3.62480340645854	7257.19168174439	1670.70088673954	10.3977038010255
388.766155775191	115.074372926425	2.19941386665378	1248.38034320307	601.324979915638	2.98425214375572
755.145135320994	184.424689858064	3.59753985029179	3784.86082801538	1501.97230560387	4.62134750104374
754.587292002254	175.357977568995	3.45126034383431	5827.93430873981	1326.29140104233	7.88092956232386
1127.22778294137	261.315454929999	2.92744813343509	10597.6494846495	3494.05737554678	4.97793506441951
629.664849379121	164.76191242177	2.37705712487194	2758.81424837256	1182.82734632296	3.25642974060159
678.876684028125	160.706259192558	2.68312957491029	2711.88215129535	1169.22849804928	2.6259424659391
443.884713373311	139.031127784297	3.43371698586758	1773.77223691906	880.957104510516	6.24358202135265
438.984933835253	130.900905773611	3.12578840151039	1511.40477511904	808.101035265476	3.38343503792143
694.570366227991	177.469600226322	3.03138870354672	4098.57512955161	1454.78435683761	5.00865580761082
1170.52204183302	382.948194805884	2.28989184715084	13105.9437380197	7072.48720659366	3.35944426896373
796.237794959889	208.365472496252	3.15870067244478	7008.4337728322	1971.73785850213	8.2124378097724
472.399389408822	133.587847291088	2.68081014572189	1657.10685338964	785.011739371176	3.11854177195558
805.39341975487	188.199625030859	4.0037220891366	4508.02823712867	1385.34069565724	6.34207183871836
727.334804270547	192.278334501375	2.35936420028074	3339.11353271189	1628.20173543909	2.28541116825827
972.819569813893	187.99420752394	4.32097724102172	5562.63417551183	1433.95965118492	5.84146496738011
524.373749879585	160.886234896995	2.54248594306862	2109.45591746352	1184.64269529389	2.69037212536374
948.785348668317	226.467315240764	3.56820076643793	6464.74209619545	2462.04483483434	4.95672768221666
445.016615577627	117.748744764373	2.62637073009664	1415.13360549636	589.778680780269	5.46620858652409
453.327129573037	128.04519992767	2.453325436536	1341.41647870436	727.477038293784	2.61889517775336
1266.94505568023	284.796736334836	3.67705310606808	12080.3313564777	3610.45425477537	4.61050269194628
454.483080795524	116.76512554357	2.97295684112115	1575.67511795725	609.80111564831	3.85161238242446
1083.744919638	257.157590391084	2.95014489577737	10065.2754208647	2876.75407077768	4.77093646863947
509.639986456595	124.890853480681	3.92134391156298	2540.85353689082	744.134916431725	7.51716817912049
408.728532093002	122.008512992641	2.7928761346865	1675.71609830827	649.691608215091	4.62546434746368
562.281668811291	121.084249082769	3.93845277169234	2288.32537524579	660.608367764795	6.43887552597381
475.237626775366	129.56489298169	2.76953401566992	1487.66487560225	714.997247256821	3.08912395210374
855.075164729829	193.948622595803	4.08756543124411	4721.68453755771	1604.07641587562	4.95258727001681
913.244560283217	205.100339917932	2.793280667121	5416.33103567835	1828.11661846631	3.42236101471557
1674.26180894014	404.574919967957	3.27627684335372	24963.2563336947	8076.93001745069	4.8343554017801
485.826419966258	113.553324136538	3.30919645563021	1749.9487371008	590.66145940371	5.30149909757899
1031.95441435714	146.088876904488	11.4034525730766	26370.7089600097	1112.80940616254	18.9502225317561
719.989247459772	184.266529441929	2.59272686921852	3378.17695846406	1634.57709442407	2.91037114796004
505.740672802024	131.209712962189	4.188028096863	2082.58470871664	851.36747647909	5.51363501998912
379.183908385319	124.382905631224	2.0455301363812	1177.90228493943	655.327529438122	2.67389502726684
483.919706368789	119.954540530367	3.77163801371774	2047.74094809897	741.915318173021	5.29148290296885
1791.62020119623	374.358932776549	6.85153469456016	43931.3145615923	6734.68723211192	15.7748791843103
742.481497778469	170.388378185416	2.87266565427936	3367.30607791038	1230.62008826173	3.65448513262884
891.907349807352	224.250488685471	2.74928621908185	5842.31116561612	2174.7294992483	4.44410307000233
450.44148688742	132.704127958836	2.45983194680968	1438.34328508405	753.824234166829	2.78358421702657
504.42652657172	172.13059956119	1.91133224033578	2060.37954269087	1255.8928112198	1.9654441434693
869.731133887894	183.08444765136	3.21819233070746	7783.93361181323	1574.42800625522	7.47627064784501
610.310372368811	150.647620510443	3.55492778372177	2334.54606586185	932.199133390426	4.22026466626632
1014.52993018962	259.637815710023	2.46869081517723	5827.58562455268	2785.71960463841	2.28044111404581
420.760307888515	124.105889797098	2.24045952266924	1286.57368003432	731.799761713377	2.5942383245005
748.587545941909	172.878251421127	3.61978606315821	4687.73885533303	1487.98973738669	5.87552562124548
483.185539323751	134.939709527471	2.45698787217916	1742.19458599314	831.121773369183	2.80481450235975
985.22929457492	252.569163892991	2.85711423658299	8703.27882096874	3334.83011949123	4.05414873814298
1127.85407535798	187.402540997407	4.98985993795416	8798.66991815844	1644.55075061805	6.69340656508132
713.03929199147	193.568660945223	3.22774312363975	4823.57096194193	1729.47233683237	7.51598911151869
435.497781225731	121.488908262913	2.42666550163326	1156.47455657517	674.860143037495	2.37363805030538
674.663626764651	165.892659871461	2.70218583932062	3620.34587603464	1232.32386272949	4.95880627406346
776.6617586739	229.501195280379	2.18719446922905	4716.98360253902	2710.73495060122	2.72212505942029
544.663904944484	131.976687776373	3.11864024425105	1945.11330135844	774.738191818579	3.7090510758004
736.047912520959	193.611390711223	2.97781236114726	4132.65979948682	1738.98621686282	3.99017295110915
936.687230201243	216.787985114805	3.02589519801377	6461.24159601562	1880.32498531652	5.86917203613295
486.215384384635	131.308221359339	2.36827411688367	2126.22529818283	815.369271470857	4.63577292148556
661.384450221494	140.420995613984	4.09821656140132	2639.5575474456	835.959729553103	5.55371198171807
989.016318351561	222.94240163263	2.6984239046111	5924.84158043937	2143.7768462858	3.45858750590401
578.782365206377	171.222401389553	2.4273127392541	3950.02339459383	1895.57665437723	6.42522718558271
765.182025926738	175.446244703603	3.88415132410681	4900.03262858119	1438.29025701289	4.91750103987711
1041.59689187836	268.978084096028	2.45919893787353	8551.19162776454	3762.12681338917	2.96240554056741
638.873330613465	179.345831517579	2.49684945952021	2914.6812902651	1464.65108523478	2.87043132697509
455.816155731334	129.194635775951	3.29568946406858	2018.5369318256	785.226221470291	8.79244419317271
433.773947393026	127.299059048774	2.97656698039193	1383.92133274891	747.02441362925	2.80449659113016
804.539832349652	186.993062942902	2.98540819192804	3817.05132742892	1443.78244038981	3.21689969182137
735.528076688634	193.767082857557	2.49032844366386	4585.87875271508	1692.90811799638	4.62631095300512
784.708913028901	162.140826558266	3.41607420179018	4322.14107624799	1153.21392241811	6.94567041179143
364.333701470606	120.191670829385	2.26175449707416	1211.18667092983	656.537421399509	3.06199757560461
410.952917538638	110.045044277954	3.65499177716138	1228.01418672332	549.941912779918	4.17906656458577
402.919978672774	112.894639527164	3.52268685783922	1235.60816457458	553.242970467777	5.51824947594625
1077.20458872146	250.592445207991	3.05177410053356	8448.16448099189	2725.21425684606	5.69211606945839
816.585628754905	174.592229137882	4.33019309006039	4318.31585459641	1438.46858174552	5.94109307355745
1173.25793937467	276.512428631392	2.74954124767384	8657.49284260128	3073.75394683799	3.60654492937675
1251.82084658059	308.532480828337	2.45689752810563	11373.9149967482	4302.98812640569	4.26338486529054
658.115921300107	198.689967552453	2.00839740833319	3165.17530482401	1598.14227788404	2.67969914330541
672.582765910205	180.399506790857	3.15187670404663	4421.41811149934	1765.8904583011	7.50783294673056
820.607723277057	179.852303604977	4.18399783273228	5678.05917117399	1452.23693815013	6.25614306997077
1001.53579879383	228.004952331049	4.30497491079323	7342.87891590881	2377.94750850179	5.85833316389885
728.962799627589	148.986585904823	3.53754636114756	3371.45618634744	1078.03611547121	4.80599099606461
433.187844791708	124.897240559405	2.73902942892793	1459.00564293834	715.379135479031	3.67067922556907
958.472333013457	221.957564364877	2.67954857805065	5657.81865246075	2220.05861666042	3.13798102925536
620.775061137283	153.104149587249	2.95691924375679	2980.20116625841	1027.40258497579	4.41980576800594
781.683645976355	209.554256009139	3.02196532613286	5037.87555386968	1913.48560749052	6.04665859971632
444.47278022076	124.157504906799	2.64132265684247	1303.84979800742	656.220578918208	2.57844887110255
1026.87692874469	256.264539725198	2.8133764578309	9061.75978850675	3242.14742803405	5.38951162722347
809.017958050736	195.573760110724	3.45657872782224	10861.4775595265	2546.48346599774	13.2110296806899
566.335857628231	148.705110559959	2.91966530931552	2079.78796201314	920.045349164637	3.39299706309394
701.960187001084	141.53797296899	4.28084965524346	4012.89436396432	887.536978459069	6.86310381593525
733.828938313931	168.282051683171	3.68827660841956	4813.73047462643	1194.64302116457	9.92734971583976
1046.64316366335	249.964730303119	3.12944031053484	6703.38976924045	2741.60902248776	3.17351143444557
536.674325110966	154.238496931716	3.4528985308197	1986.6930997244	1040.92882729616	5.1878209230711
1068.61750949655	237.250390542821	2.75930559802727	7606.02435211953	2620.68048031199	4.11116709624189
681.288587675839	195.61224048715	2.7199277806321	3397.84386875096	1583.45046921583	3.52836868540249
1121.32031054721	248.573700947435	3.16030959510364	8572.80394181801	2729.99173833776	4.74032602665374
373.967509023845	114.872683000889	2.41259171658489	1143.27370298927	599.396278734802	2.94800973625162
324.869438470821	106.042137787258	2.68821800935429	835.987821123361	538.613268600266	3.01321949667817
353.458408300711	115.93025567588	2.28868304599337	1091.39748848072	611.830284549827	3.55763527859867
722.963485548805	175.879025604861	2.98910859801873	3198.4770905544	1277.04608238447	3.87720332904481
3131.90912251997	537.80354930446	5.32271234782076	84409.2404397691	14191.8992283175	9.72380659063596
615.064415245846	147.667179901964	3.52302633946592	2521.58289979094	1028.47293870293	4.36911703726642
435.349846929159	133.034075782978	2.30698925818014	1542.50009082066	818.750569035551	3.61866050268876
1418.08057754943	354.79620454275	3.00531355938546	16658.4560324052	5552.04277343101	4.37545332205846
664.00238158264	163.079534127561	2.87734094292311	3280.93809243592	1237.1076331925	4.42226573420061
628.68312109543	141.054422625304	2.98862920734781	2935.2083419675	876.498561917696	5.35477864514523
597.104299458482	165.928662981894	2.63718340478247	3233.15698774383	1348.79500711128	4.6797295479318
737.402528262612	193.777323052181	2.45030561870952	4253.36037348781	1664.6718817792	3.7241324461773
806.414894395247	184.690043458775	2.82312953995511	4238.98741422015	1604.79570711622	3.67399523609822
498.746267344124	138.89412650989	3.02969505960025	2016.78258739682	821.357530911912	5.67432933308967
382.38922577872	113.633388753307	3.4435304097494	1650.66378250372	603.57475566568	9.79174280467726
687.804474728498	159.844842455062	2.93391928310341	3239.64336086022	1025.70596826626	4.45121096311859
480.616218250539	124.074317917949	2.96138502616982	1696.70396822057	689.129513616888	4.06528437552769
718.506545405357	168.34370919836	3.26241176089179	3086.36009172624	1197.90016251304	3.51418599155338
652.411379777641	171.573696883717	3.0174911446357	3346.41118330528	1330.48780170661	3.80873785357664
813.582310524839	191.809331290281	2.93308702157468	4528.95573120651	1592.54664777191	3.60995135116425
922.526583122958	261.110039108053	2.82793246856915	6494.45375378191	2829.66537213445	2.91950232868656
515.390643194825	128.78038913186	3.57439930717072	2039.6344863034	722.090872474277	5.11999847454265
948.151264189242	232.89603822347	3.26239504743167	5946.31317454664	2433.53197013059	4.10018721830501
618.723408924283	138.787470090491	3.08446366078927	2528.53970439375	819.621834662295	3.89570703168593
848.058941535697	177.857408775324	3.38641400346935	5781.76131550738	1351.34699821037	6.6163487803562
645.310392610234	161.739333256504	3.0210940594974	2655.17575172506	1140.48077896041	3.42133930433692
566.159047328415	138.181873387864	2.86186051886782	2072.46560997352	862.205027587583	3.11408020299996
525.269930066606	134.02814034791	2.52557214676952	2086.10076861672	782.767236206653	4.81508333689704
509.690424579927	128.585004401726	3.38295010311353	2047.67213584042	754.864938105758	6.00500403307256
759.652608831832	186.868974560846	3.17888540719282	3794.07833391985	1423.58768105093	4.45321430480681
774.809165748228	188.356961835728	3.83834364685857	5763.99138794366	1782.12383057347	8.61124972326378
673.046870344974	185.577432257284	2.62890128657405	4057.68089257353	1667.9932227427	4.16503994095693
884.212906543218	188.079097790355	3.58311242484842	5742.17583325313	1494.68525920895	6.52227052334881
617.906219719518	149.620734324148	3.18012674494441	2888.83157297902	938.566141471099	6.29658547923324
849.814461442796	200.607743684478	4.14780773961725	5025.4165201512	1741.30537009787	6.33634032548435
404.062021748318	126.43905847263	2.22413092752333	1373.98149708694	760.123937838579	2.85127879667895
1386.55265620122	345.410533095438	3.80204340013004	17554.8822850808	6354.92909724287	5.03321648239045
601.102438150959	142.074690207546	3.59754049142897	3017.76508630077	865.949518291882	8.86142216645637
1162.53201292848	262.908849581313	3.07619214725228	9527.74624514316	3281.22780017088	4.369434115142
463.238435400872	125.56040599267	3.84381826196444	1615.28361362789	701.629773218113	5.20660907434963
656.715827975751	174.868071995908	2.29309642476283	2863.30118833815	1323.1134204244	2.86369969241678
386.528383228264	118.299582623691	3.11563556683191	1076.17043946553	654.28196206945	3.0470957412241
644.13957960933	166.296287503044	3.06022699186155	2995.20684243898	1166.02751590521	3.86533141981894
558.728281153437	139.392641479721	2.71645664229548	1917.05368826106	765.72865338539	3.43582480980848
520.08603149481	147.406882215528	2.56286913194391	2246.16054085233	1022.08193665193	3.87344326101217
502.036236392112	143.496141173195	2.61778471185957	1896.15758766514	871.043157249995	3.21498884252146
463.807714043915	113.688157920776	4.13081130786722	2706.85547900465	654.955714755286	10.4994580834121
484.849143679712	136.822575165379	2.82355544612365	1687.55714298773	855.116162424584	3.3191819974628
463.799485841976	124.956762398952	2.91732711473519	1681.56084513534	726.232678535372	3.54902860007121
729.056500976827	183.456204902607	2.87291863177797	3517.30073051117	1574.8449449905	3.31220602160233
528.249142048317	146.842614489978	2.6803554630849	2241.74431051924	963.222792849745	4.51581856173462
842.150815744156	215.043126072061	3.13606133796717	5685.26045077323	2124.68698450544	4.90878997121505
634.527133630079	151.455104099641	2.90097015114794	2746.32838659379	936.272531585919	5.77113990403718
578.014215331029	157.038507392725	3.0612876147953	2622.83931817466	1001.77238975584	5.29186245335851
481.032459713471	145.913140324615	3.40455071648625	1984.07235811688	917.245997807252	5.27920801834324
773.969372434603	156.247513640841	3.4017867804928	4449.03790961575	1011.08313432337	5.49181366819747
731.086713712728	146.828484893931	6.20830262959472	4229.83387040635	976.943583933754	10.4826581405132
657.499148701231	147.24894888261	3.52441503901189	2947.48981563405	917.912081907034	5.50126112806874
489.811708977142	139.485897635811	2.63651290986691	2487.39296876683	835.994262099895	6.0510736285329
766.151704530471	172.706485023838	3.05587706690983	3790.79486860421	1297.06003823148	3.60962927057191
740.113717859976	176.543924835664	7.11056854152413	5181.70317689183	1428.22025522475	12.274405784612
510.251507066879	130.812614524834	3.33685401034415	2536.98484012752	761.316470901107	8.24946139315605
531.558833048551	137.001120143349	2.83566573885577	1972.13164122342	765.605155148031	3.77496681538531
463.422741432461	132.967186414688	2.9458467861433	1794.27712566473	852.583854762839	4.08826832713034
602.538842790232	133.54874773026	5.00879991498265	2643.35296614136	733.939538151945	8.98678771759665
381.259857653056	132.102141490219	2.03938692215088	1244.37556525552	778.287401018467	3.04589790567888
1013.04117314695	228.857470861275	3.7670501462637	9836.54931229872	2751.73279698767	5.31164560537354
926.725122513085	206.691629459255	3.16025232224282	5750.82798321298	1994.3624897487	4.00036781561104
833.810795610689	208.08613772266	2.68998893863526	5754.02196604234	2185.42931508355	7.14395572817963
643.881544148559	137.305804821203	3.56495370722623	2295.33672452853	805.211253103628	4.13367275719508
586.06392160924	162.390771318534	2.1097572129595	2420.77686390942	1225.32032419456	3.16090259779174
389.043294872078	124.542231807399	2.62416059476664	1150.95842944918	648.24331117049	3.15447806277538
509.958589662398	115.160987904995	3.99418204127926	1735.37269104926	599.041480849451	5.60691417307297
968.286124027628	211.484409266607	3.86854855641204	6957.55589533263	1970.6492331763	6.54919928075727
957.095768311602	221.779506682181	4.14439127339464	6766.91779066152	2149.80711546129	6.02243669556496
418.865505900662	131.186494158524	2.38173736535485	1417.78844277326	811.82452722239	3.55682777979406
985.597182914081	239.802211028074	2.73476851554515	7100.71594123808	2561.48063809848	4.66310298307819
428.636077743169	124.142824290195	2.39604346160814	1267.87039248955	652.722078378594	2.47543117951887
534.032777849992	132.682222401288	5.02758760376761	2651.69175842152	839.19938706913	6.29123114449437
631.674250321322	137.72193947893	3.80127631672589	2766.97460439698	816.948416107963	7.00755578281807
666.300245699432	194.052809648114	3.38616485041574	3509.35345240202	1709.0661060359	3.68766991051471
524.438968332443	141.683683948178	2.56054907721107	1843.29122606325	869.378235235777	2.91545653674271
683.198069352755	158.178351608586	2.81416854923614	2866.22604348789	1024.76096753441	3.12319319034955
1046.97490729843	213.301876160884	4.13409537285091	7418.80422032474	1839.54791767018	6.4437690331875
1466.28107505689	327.512593496161	2.90438102963165	18768.890112754	5385.61654294814	6.01559148194746
567.723529998552	137.007587155171	3.28370736530842	2007.84562126709	922.976843308813	3.57903473026723
413.692049831932	118.948898457843	2.43038634844303	1223.90231487885	647.171210390855	3.35968458898908
509.743531328097	119.152636720692	3.46863681766337	1897.37189505556	616.470276330153	5.32632190792313
565.709014298561	172.10338830761	2.2598510271949	2345.57975664312	1292.1649285289	2.40307431606792
436.800278554787	123.356559304433	3.64383626851028	2246.04510764634	711.286506973053	10.4897012402664
934.520585405619	241.289415387671	3.47994567752112	9245.37706085269	4760.12672860701	6.32538107828054
784.318689590259	200.78238872611	2.52305217882913	3927.47734197918	1747.88916443621	2.84389424537401
853.500391273203	222.492917088877	3.06295525638781	6111.4925478817	2165.99635451143	7.25493773533563
429.08918365746	128.903232027694	2.40108483759139	1489.78860067526	775.336834564409	2.89052533383879
799.637107680511	183.886924448389	3.30271506415617	3887.08837537124	1333.3033784738	4.42358703099242
618.698007343064	140.132375190982	3.69203925019796	3252.29867299828	884.972788796851	7.265325573475
542.088838757857	130.884201152458	3.8123517386225	2466.29554458395	786.618155492447	6.35849780042266
529.098171241833	139.658053427998	3.03532447848592	2101.04225720874	892.635571178433	3.68974981387998
622.77191274634	144.16477149946	3.09372006407999	2968.11362135607	970.40168470955	3.99131112421534
769.691422097788	212.39053530291	2.90778837247944	4590.60530534768	2032.67775704229	4.25053162921497
666.717522843313	149.380273657051	3.62635662843661	2904.87551966072	942.351638991418	5.34227784154733
764.33012470707	195.958084283373	2.38128153643421	3237.64103960375	1704.52920341192	2.1119498643513
1185.4103069063	289.382823129428	2.78632818297818	11037.5922422579	3613.91999298516	4.63148762584004
491.816430507151	152.139111708234	1.93955328130013	1789.02708746667	966.090699134586	2.46436979134504
582.44820462786	152.484159952636	3.21632449996957	2176.76605020724	960.981272322349	4.53696355584466
876.046597548934	205.735389431315	3.91980742409832	8847.14142252953	2136.73213196657	9.43432719744826
708.887961927157	164.097007100615	3.79871990096472	4858.96648657778	1198.04628183761	9.72978714914962
1038.01919172131	223.675036785328	3.23345664376964	9490.87997157248	2454.90202517306	7.80523000677379
892.136848087403	212.121702878438	2.98204514656159	5429.76561026235	1922.22177330744	3.93035783914673
401.927460065474	118.365993789773	2.24342438927311	1243.81301705366	640.856476306545	3.13084061296972
588.095998481751	162.157165574435	2.90395389496806	2393.07092774996	1118.39954314851	3.08930588265323
905.295025184266	208.485583312087	2.69577926407715	5396.31052117918	1747.21865056264	3.6763404440238
516.984165024859	139.67878477804	2.82042594555182	1870.3829933057	839.768917963137	3.43814173174137
391.169762545298	125.174415569695	2.19776421691438	1528.17158134729	752.933016756575	4.25506428429136
1698.57409693478	395.577568744184	3.8276081350985	21104.9820746418	7281.61930302778	5.17582869252659
1150.94625163411	285.18078998992	3.54334061587957	14261.316625406	6800.61179848856	7.43448207404675
565.732035569758	156.153704649784	2.18406753486083	2005.59527927766	994.769935570514	2.30075492483046
524.703776470962	166.435888458394	2.13476954509616	2177.85051999621	1179.37325094657	2.45560459558839
566.137657351369	149.642474977402	2.68151580916163	2394.52271350346	1000.68839418553	4.4792830881566
558.457065420459	169.725835918454	2.82039551135103	3810.16664313808	1559.62985933982	5.75163330631233
783.700202558501	191.242108698108	3.13040693184528	4395.25251858034	1773.25642517968	4.19058389424151
878.203245102306	223.604880847166	2.67553940715365	4800.03883210073	2070.53638121456	3.10241060600417
896.656062902834	223.497347241972	3.13738692860011	7534.1684659291	2574.04380590777	6.06155116530062
411.010480161851	137.541804739923	2.11193937269844	1579.22070255449	1015.15232316806	2.97706681401107
502.113660792071	134.400099584286	2.8158229847643	1812.92008994242	819.206693946217	3.63240881888293
393.641399287068	130.796712656097	2.25355610729157	1459.17395597422	923.320589008825	3.36947089348925
479.990159299472	130.839487484027	2.84735197365498	1523.08574061606	753.064767002468	2.86298041916044
512.089344349337	140.069885225757	2.89249226634969	2487.83045197534	881.260602638128	5.10820721181474
492.183128157747	140.296176621427	2.73504151516796	1711.49744339828	853.906627067561	3.84713444544087
490.119738142881	123.709319400886	2.80791001559929	1666.76261298017	691.182332839219	3.75828067782627
462.744332174083	139.859165362733	2.93675793852688	2595.95692827144	975.919677344448	6.74371398142502
600.965183756151	177.462084908729	2.2541278852652	2681.54299805716	1441.73204604696	2.73129205550044
511.24330399641	152.422857401564	2.23136803076245	1961.34380743329	1017.69056199685	2.92190480096759
589.26866758835	150.13323677924	2.85850467280316	1969.70549148363	946.600411139254	2.77457052612561
686.382571157004	184.114744700081	2.87705837419882	3797.08016456567	1557.58508339124	4.38631325744256
1230.85260443005	268.012636017039	2.72566099474103	8426.04555001566	3452.03540469773	3.08189115351279
929.494492999332	188.509933995572	4.2767584432764	7342.75398093483	1596.42382023117	7.04102922776198
742.651226975675	160.909436909216	3.43277703735561	4184.46414290314	1321.06391211629	6.12680397297221
606.762368965401	144.058254438351	3.78211958245549	2538.88210754147	959.1025925273	5.48991315615932
979.021399924028	305.384765920861	2.61474731023112	6921.83866999282	4433.77819401976	2.5358834452416
505.369081414936	157.395497317404	2.176067302396	2130.12230468985	1109.42445378256	2.76847017297352
992.99877590468	218.731500166931	3.02091007375701	6372.34428318237	1956.575859433	4.12305462830493
525.076401274788	131.796243233145	3.02194256002765	1659.85144471002	760.180395372863	3.04235724872788
398.322923128924	125.237585987429	2.24581597813692	1446.65745800658	723.259978600222	3.18641047488713
836.90129012274	203.063091115079	2.65121093345324	5280.86778758186	2014.14867951776	5.34583299499958
616.369076149501	152.204130713156	2.62540463118877	2258.46416224594	933.713470592447	3.28470967567023
615.032275565243	139.14195898069	3.24130272381297	3101.91999548789	854.127586087277	8.83733000158218
641.584413779586	143.717725396139	3.19580499995308	2511.21847884316	873.66031137833	3.60843492357612
514.138290714933	129.081309473999	3.49273449329055	2073.0971823575	737.629043667857	5.04361535288296
724.385172887534	182.87861431932	2.9077594546984	3439.32663426607	1483.71126766929	3.20176893817737
716.24078168457	176.6546147619	2.95806030936542	3957.49019950274	1420.93618128403	5.72032172120166
452.53954587004	135.413553003127	2.37778750934559	1403.43765375142	777.110157976238	2.5903115098902
714.82019918376	157.229032097141	3.80410487441421	3617.03512381658	1148.44579703474	4.69502994459855
557.190481221487	127.038935304416	3.25019281136968	2004.99571635978	741.79557190171	4.77184996079363
1097.33084987545	256.133788020821	2.49324355650036	7360.58997884463	2444.91716008709	3.54875717755139
727.180387009145	159.253698355372	2.98470930164508	3502.62075515425	1088.1678698204	3.98013543978596
505.854541447726	138.979974439148	2.50299884557962	2055.48380760924	952.057601256737	4.77107056962403
604.208587584002	144.417968128491	3.48545726844759	2378.01441869826	829.026820544354	5.51206260365333
488.150918026197	134.271614857157	2.63959567426217	1846.88862824272	841.594110668275	4.29114276536713
538.978452302979	159.634791122415	2.33116313698453	2031.38029162401	1175.07907454615	2.441033310112
1390.53318979584	289.40772493772	3.11977184996548	15618.3124002241	4041.43487182298	5.69917038916019
458.843614244828	133.742018427019	2.61779079324446	1698.88641077844	766.704299479056	4.17642273107683
1311.95505379355	296.856417275523	3.66939540429217	10780.791013443	4137.73967622573	4.00331447683202
705.534619793485	157.792518812102	3.31425718304636	2961.65398607444	1056.699523716	3.67798731034284
731.167438649614	175.548600581591	2.68110817393593	3269.24508687155	1317.11944376578	3.14024057892512
485.757760748254	122.760020773854	3.60770442281715	2057.16280958367	661.480077548293	7.51496938078066
560.346400246519	171.972496858896	2.92334087598154	3311.8933460769	1455.23665506759	5.2578145905438
897.431955604798	153.987659051586	6.03316039623069	5757.04986525981	982.536384698208	10.739468783561
651.699481330467	182.211808681494	2.17932822217047	2981.11310548414	1552.07836691527	2.51118441820334
682.962533571352	173.644987561296	2.35060956239608	3345.46969046985	1419.75618402273	4.31548456916252
787.320314121697	230.628228017098	2.12818732608963	4493.99585418148	2183.51916856845	2.9234318055961
586.933115902284	153.774903452287	2.50230743940785	2316.7630301098	1081.94370793882	3.03470198835411
556.071272070772	154.330452503904	2.96793675735091	2574.34095727833	1453.95869311741	4.89002600831194
430.103808430492	140.37047548611	2.17629110473156	1457.33855948819	861.694868196882	2.41040036371318
597.297426610317	179.349061187953	1.95617707707004	2559.96902303792	1309.50841325711	2.92894784785621
492.467358751896	137.155718308961	2.71222692718459	1661.16691188563	787.709151242484	3.09726354150269
1415.62810000523	248.80331313957	3.65422414709228	11456.8876847029	2835.94013509205	4.30645616059621
577.898877436526	152.895154186123	2.63068166554655	2266.85115998747	1016.35815485349	3.28317644696082
734.494046643677	173.546239012701	3.136297354893	3213.16400050789	1312.74527978631	3.41167397076477
523.646471347153	138.373820640049	3.02503782375548	2396.3205453217	906.616999005968	5.68486565346734
359.662748032744	108.170651494159	2.49614943068818	1232.93151772208	558.531078375232	5.84552480971643
1022.01022281915	265.335970064997	2.52456366915496	7508.19367656218	3000.88450182122	3.25292542209346
1374.13322413421	242.299297241603	4.50788026502313	13557.4980644634	2757.31195605545	6.68925674206893
1184.35420219597	281.824644702702	2.98933557193914	11836.3007680475	3699.86601858587	4.97943222186286
1247.56700926149	298.708683145837	2.59040070462696	11031.2859151122	4146.17168966834	3.56965044572573
792.995875649091	164.731169459918	4.52926408692833	5772.72556798384	1200.3334648754	8.4129993068064
1152.75243252454	286.396632000246	3.0018155347802	9615.39957357344	4083.18003092504	3.74779227724643
698.455957345546	165.451513971032	3.35598966309893	3592.08571461381	1153.11767826129	7.23336319087659
1491.44881898229	222.407310503265	8.76516538484071	24100.7917864624	1967.29488053265	16.2557967682165
500.351853294363	120.053740528577	3.11246944865415	2050.30979483694	643.923726018386	7.31939306448059
619.413046539144	142.804510554214	5.24376829394838	3086.78452098337	862.739760115941	9.5523530042762
441.255479558569	117.452111041223	2.98229216282849	1571.73122323257	678.114074402766	4.94875793490965
289.065951749297	103.547778202984	2.30141732630358	739.968395249964	548.08261492478	2.29100910196051
601.137163704038	173.385084519279	2.15249052819886	2743.25997171513	1331.32877824669	3.46569068171085
467.488756704165	121.603094293865	2.91354320476766	1459.01900024443	655.813332607534	3.61531161268031
1040.58814111486	285.036080530802	2.76993445110438	9437.55667556349	4688.53492356208	4.20367667436646
727.248777448672	203.441700710129	2.68319301563605	4515.39427967677	1895.95104893358	4.821133761066
617.47778013974	139.931100690386	3.65356729436783	2427.14987407107	859.392393129027	5.45322587917989
537.931165541387	157.147922821726	2.43271057511081	1902.05404121554	1088.62081146524	2.1775760366177
448.849256485208	124.406766708966	2.83262423689074	1787.433863004	680.069998316667	5.0440419216476
438.238211703322	118.890295821558	2.71311685078141	2014.61893395057	829.042258950945	7.62234297334319
508.946478098414	127.59718855122	3.11058150947885	1989.12702526379	747.347119445022	4.86731183820476
686.948960848864	186.358723969295	3.04199680749865	3357.81856119358	1518.12985871759	3.83183914592553
502.550529148493	153.637763012121	2.57356320414165	1830.32332585753	964.890325168996	2.85031646397567
638.1543554226	172.50402545094	3.22075245147088	3085.00831983088	1240.97860582456	4.29135322865979
496.059824991151	133.079186528652	2.78551042387036	1979.91668863789	731.836132444267	3.89653197406344
1285.70726763739	289.150034464309	3.49981846863777	14882.1159798596	3806.81253764101	7.7312947696938
811.132103952342	206.76031619898	2.22227997472863	4346.03982649787	1951.65540424957	2.69445250321417
454.902800963431	116.368678101898	3.38283207975202	1944.13146489428	668.459119794015	5.50037910185856
563.19462008993	148.780982471922	2.28759228906611	2321.50098411973	1067.07954629072	2.98306109860933
509.810752676922	137.709337550283	2.73174794490549	2174.72963381385	874.185778879202	4.35462867262315
387.912075291656	109.0243318183	2.56651663782691	1229.34078728737	563.599146176489	4.01812034544341
618.880968814598	132.641468114806	5.5825044377282	3090.43056298499	768.204514341777	8.62806440144886
655.81389385355	145.906826226505	4.52280417900694	3073.13054731229	914.838803685891	5.97763356144464
487.281613630779	137.459265450275	2.50680383330738	1762.40013639912	785.968369089673	3.19534297737821
466.116763994257	150.177153346499	2.16749304501325	1680.00598681126	1054.84283749936	2.51368578481907
1261.79984801508	266.031153467657	2.74092076105439	7991.16433650686	3091.48734386826	2.52435450750911
745.305925902322	172.249290057454	3.52099727818803	4415.5608311292	1472.70653700306	5.9964851654169
415.424241875788	117.575263873792	2.86751251254518	1255.20595584029	575.369808197114	2.89324896847156
870.118494402351	189.551403157968	5.39363237358336	6535.01114591658	1506.8846544145	9.11882507958647
568.175456633657	134.964019894587	4.58913713941785	3828.47342952346	853.803636925216	9.27521794534941
546.602464851711	151.330347508009	2.44578690911529	2338.70064820735	1103.65839689078	3.19876015133368
494.445159295551	121.551396513293	3.10784570654877	2162.16517410922	629.696656577352	7.57144520547677
427.011355121885	119.265878848201	3.67223584929037	2131.0516038947	689.454395553244	7.7623385523398
512.587987390765	141.016248860087	2.72501351583021	1843.76146531761	894.752294388472	3.10685175343984
658.057294942525	185.768280962188	3.12594038457099	3072.94168604448	1431.27925743959	3.86019970789013
629.35802092338	147.832588015734	5.19409281538322	3475.91257514123	1063.44693583727	8.44329559927105
1427.73890537306	358.628867718253	2.96953182255514	15702.0268980243	5670.49527015951	5.09039412710278
837.503359038182	210.687629292907	2.67875154949007	5219.28692032766	1894.86458392876	4.76325198392381
738.230014658762	184.163753171898	2.77803387247187	3500.16664888464	1394.09313597667	3.23538706129768
607.842677846026	129.990566523653	4.94340574052942	3345.21076109005	722.433377288295	9.94115216892052
560.563937356716	174.237812234389	2.53639729180865	2477.22226067587	1341.40505787143	3.22651382346865
459.138384967564	142.920052994738	2.52120875177588	2079.05590687001	883.53855047896	6.80148138526241
322.679593078611	121.83080654987	1.80433312943841	1099.09323560332	641.113108758809	2.58139477058688
806.75274466519	224.248010788613	2.70766855591064	6055.47075186587	2280.68555861176	5.19070525757029
648.616857280399	145.61690259876	3.82650389747644	3501.00393216432	980.814338591307	6.15739429530944
917.333801661706	204.586437990603	3.27275304416053	6277.75946736631	1960.46343932912	4.70220419886769
370.502972227313	113.932492991782	2.36792144539273	1027.00964570534	575.809305832128	2.45796780766783
458.466535825103	135.136036795463	2.38903371151748	1485.26319534668	742.548915862258	2.82606983060203
444.709598856672	128.888506684221	2.99178738872617	1755.47196458124	742.424755392615	6.27717087246729
452.123140120391	119.341881282571	3.37037403961802	1868.57544840556	650.873869000282	7.82899923813554
552.286554352129	146.254811425049	2.38110878142638	2620.2390012337	878.089556787786	6.08278160299255
646.467984364807	174.826684695598	3.16497772619784	3790.08764322377	1524.74002368122	6.7818576913104
472.619224150898	140.167180312302	2.12573213513796	1530.79384745708	873.051339418346	1.96476764515282
438.04932090527	116.417771940412	2.66426425156563	1342.30114346941	581.267481009219	3.48000082352043
411.094082782073	118.510116977227	2.60975223927924	1132.06070029305	641.137282716112	2.50451094658678
744.71398717552	198.896000241264	2.78643846033351	4515.98892603785	2143.77560242486	3.86033492899758
649.744072086286	161.478698990761	3.39243907834578	3585.95896018009	1142.23566632864	6.04159907106812
555.698202165146	135.448231687629	2.79877626314376	2708.23630425501	927.316050736138	4.90892717799499
476.160153108715	129.241854420701	2.55639351419455	1589.21476498501	702.038567190601	3.34483127407699
586.31590023465	161.80734981255	2.71249276014469	2462.77632578764	1151.84050928223	3.14320838141943
933.097933933463	214.628239315726	3.38111087978533	6943.09622395889	1902.87554063259	5.50629613868776
1699.84630126014	367.852368136822	3.16169947337869	23251.9194230702	6185.47374179714	6.75299470548491
790.552452944213	232.777428887352	2.07718337197203	5164.00091088548	2438.98142583858	2.72774407811348
