time	95%HPD_lower_value	95%HPD_higher_value
2021.87753737964	552.772067393534	1417.00974094231
2021.88022751129	552.772067393534	1417.00974094231
2021.88291764295	552.772067393534	1417.00974094231
2021.88560777461	552.772067393534	1417.00974094231
2021.88829790626	552.772067393534	1417.00974094231
2021.89098803792	552.772067393534	1417.00974094231
2021.89367816958	552.772067393534	1417.00974094231
2021.89636830123	552.772067393534	1417.00974094231
2021.89905843289	552.772067393534	1417.00974094231
2021.90174856455	552.772067393534	1417.00974094231
2021.9044386962	552.772067393534	1417.00974094231
2021.90712882786	552.772067393534	1417.00974094231
2021.90981895951	552.772067393534	1417.00974094231
2021.91250909117	552.772067393534	1417.00974094231
2021.91519922283	552.772067393534	1417.00974094231
2021.91788935448	552.772067393534	1417.00974094231
2021.92057948614	552.772067393534	1417.00974094231
2021.9232696178	552.772067393534	1417.00974094231
2021.92595974945	552.772067393534	1417.00974094231
2021.92864988111	552.772067393534	1417.00974094231
2021.93134001277	552.772067393534	1417.00974094231
2021.93403014442	552.772067393534	1417.00974094231
2021.93672027608	552.772067393534	1417.00974094231
2021.93941040774	552.772067393534	1417.00974094231
2021.94210053939	552.772067393534	1417.00974094231
2021.94479067105	552.772067393534	1417.00974094231
2021.9474808027	552.772067393534	1417.00974094231
2021.95017093436	552.772067393534	1417.00974094231
2021.95286106602	552.772067393534	1417.00974094231
2021.95555119767	552.772067393534	1417.00974094231
2021.95824132933	552.772067393534	1417.00974094231
2021.96093146099	552.772067393534	1417.00974094231
2021.96362159264	552.772067393534	1417.00974094231
2021.9663117243	552.772067393534	1417.00974094231
2021.96900185596	552.772067393534	1417.00974094231
2021.97169198761	552.772067393534	1417.00974094231
2021.97438211927	552.772067393534	1417.00974094231
2021.97707225092	552.772067393534	1417.00974094231
2021.97976238258	552.772067393534	1417.00974094231
2021.98245251424	552.772067393534	1417.00974094231
2021.98514264589	552.772067393534	1417.00974094231
2021.98783277755	552.772067393534	1417.00974094231
2021.99052290921	552.772067393534	1417.00974094231
2021.99321304086	552.772067393534	1417.00974094231
2021.99590317252	552.772067393534	1417.00974094231
2021.99859330418	552.772067393534	1417.00974094231
2022.00128343583	552.772067393534	1417.00974094231
2022.00397356749	552.772067393534	1417.00974094231
2022.00666369915	552.772067393534	1417.00974094231
2022.0093538308	552.772067393534	1417.00974094231
2022.01204396246	552.772067393534	1417.00974094231
2022.01473409411	552.772067393534	1417.00974094231
2022.01742422577	552.772067393534	1417.00974094231
2022.02011435743	552.772067393534	1417.00974094231
2022.02280448908	552.772067393534	1417.00974094231
2022.02549462074	552.772067393534	1417.00974094231
2022.0281847524	552.772067393534	1417.00974094231
2022.03087488405	552.772067393534	1417.00974094231
2022.03356501571	552.772067393534	1417.00974094231
2022.03625514737	552.772067393534	1417.00974094231
2022.03894527902	552.772067393534	1417.00974094231
2022.04163541068	552.772067393534	1417.00974094231
2022.04432554233	552.772067393534	1417.00974094231
2022.04701567399	552.772067393534	1417.00974094231
2022.04970580565	552.772067393534	1417.00974094231
2022.0523959373	552.772067393534	1417.00974094231
2022.05508606896	552.772067393534	1417.00974094231
2022.05777620062	552.772067393534	1417.00974094231
2022.06046633227	552.772067393534	1417.00974094231
2022.06315646393	552.772067393534	1417.00974094231
2022.06584659559	552.772067393534	1417.00974094231
2022.06853672724	552.772067393534	1417.00974094231
2022.0712268589	552.772067393534	1417.00974094231
2022.07391699056	552.772067393534	1417.00974094231
2022.07660712221	552.772067393534	1417.00974094231
2022.07929725387	552.772067393534	1417.00974094231
2022.08198738552	552.772067393534	1417.00974094231
2022.08467751718	552.772067393534	1417.00974094231
2022.08736764884	552.772067393534	1417.00974094231
2022.09005778049	552.772067393534	1417.00974094231
2022.09274791215	552.772067393534	1417.00974094231
2022.09543804381	552.772067393534	1417.00974094231
2022.09812817546	552.772067393534	1417.00974094231
2022.10081830712	552.772067393534	1417.00974094231
2022.10350843878	552.772067393534	1417.00974094231
2022.10619857043	552.772067393534	1417.00974094231
2022.10888870209	552.772067393534	1417.00974094231
2022.11157883374	552.772067393534	1417.00974094231
2022.1142689654	552.772067393534	1417.00974094231
2022.11695909706	552.772067393534	1417.00974094231
2022.11964922871	552.772067393534	1417.00974094231
2022.12233936037	552.772067393534	1417.00974094231
2022.12502949203	552.772067393534	1417.00974094231
2022.12771962368	552.772067393534	1417.00974094231
2022.13040975534	552.772067393534	1417.00974094231
2022.133099887	552.772067393534	1417.00974094231
2022.13579001865	552.772067393534	1417.00974094231
2022.13848015031	552.772067393534	1417.00974094231
2022.14117028197	552.772067393534	1417.00974094231
2022.14386041362	552.772067393534	1417.00974094231
